DST2312*01PPX120   0   6   6   2  -7  -9 -10 -25 -39 -33 -15 -17 -83-107-108 -95 -87 -88 -94 -83 -78 -61 -80 -90 -91 -54
DST2312*02PPX120   0 -99-100 -98 -93 -91 -85 -79 -76 -73 -70 -68 -66 -67 -65 -61 -57 -51 -52 -51 -51 -47 -38 -35 -33 -67
DST2312*03PPX120   0 -36 -34 -33 -27 -40 -40 -40 -39 -37 -35 -33 -35 -40 -31 -29 -24  -7 -17 -21 -34 -37 -33 -32 -33 -32
DST2312*04PPX120   0 -30 -28 -27 -26 -31 -23 -17  -6 -21 -16 -10 -21 -23 -23 -24 -21 -17 -12 -14 -16 -14 -11  -8  -9 -19
DST2312*05PPX120   0  -6  -6 -11  -8  -7 -16 -18 -14 -18 -16 -13 -26 -36 -32 -25 -22 -18 -21 -20 -23 -23 -21 -27 -30 -19
DST2312*06PPX120   0 -27 -23 -21 -21 -23 -24 -21 -16 -16 -20 -21 -19 -19 -23 -22 -17 -19 -16 -14 -13 -13 -12 -14 -18 -19
DST2312*07PPX120   0 -16 -13 -11 -12 -11 -11 -10  -8  -9 -10 -10  -8  -8  -9  -9  -7  -5  -5  -6 -10 -11  -8  -3  -5  -9
DST2312*08PPX120   0  -6  -7  -6  -6  -5  -3  -2  -4  -4  -2  -1   0  -2  -4  -4  -3  -3  -5  -7  -6 -10 -10  -8  -8  -5
DST2312*09PPX120   0 -11 -11  -8  -6  -5  -4  -3  -3  -6  -6  -4  -3  -5  -8  -7  -6  -8 -10 -10  -8  -6  -5  -4  -5  -6
DST2312*10PPX120   0  -7  -8  -6  -7  -8  -6  -6  -7  -5  -4  -4  -4  -3  -4  -7  -6  -3  -4  -5  -4  -5  -3  -2  -3  -5
DST2312*11PPX120   0  -2  -4  -3  -4  -5  -5  -4  -4  -5  -5  -4  -3  -3   0   1   0   0   2   3   3   4   6   9  11  -1
DST2312*12PPX120   0  10  10  10   7   0  -4  -3   1   6   9   9  13  15   4  -2  -7  -7 -12 -21 -23 -19 -15 -12 -10  -2
DST2312*13PPX120   0  -6  -2   1  -1  -6  -5  -5  -8 -16 -21 -19 -15 -14 -16 -17 -18 -19 -19 -17 -18 -18 -16 -14 -15 -13
DST2312*14PPX120   0 -26 -34 -40 -46 -54 -56 -60 -66 -74 -78 -74 -51 -46 -42 -41 -43 -44 -39 -35 -36 -39 -40 -35 -33 -47
DST2312*15PPX120   0 -32 -33 -31 -28 -25 -26 -26 -24 -27 -28 -24 -17  -6  -5  -3  -7 -12  -2  -5 -13 -18 -22 -16 -12 -18
DST2312*16PPX120   0 -24 -32 -28 -30 -22 -25 -19 -14 -16 -15 -12  -9 -10  -4  -4   2   3   8   9   5  -7 -17 -27 -35 -13
DST2312*17PPX120   0 -33 -30 -34 -35 -31 -35 -40 -35 -38 -33 -32 -45 -53 -44 -42 -56 -77 -58 -49 -47 -48 -39 -45 -38 -42
DST2312*18PPX120   0 -32 -28 -22 -25 -26 -20 -16 -46 -69 -58 -43 -46 -57 -57 -48 -39 -31 -27 -20 -20 -20 -28 -29 -27 -35
DST2312*19PPX120   0 -31 -36 -37 -43 -42 -34 -31 -30 -30 -31 -31 -27 -24 -24 -23 -24 -25 -21 -17 -18 -17 -18 -19 -22 -27
DST2312*20PPX120   0 -31 -33 -33 -31 -30 -29 -27 -25 -23 -24 -23 -20 -19 -22 -23 -27 -26 -21 -17 -21 -22 -21 -21 -23 -25
DST2312*21PPX120   0 -28 -29 -27 -23 -22 -22 -18 -17 -17 -20 -23 -17 -16 -17 -17 -16 -12 -11 -12 -13 -13 -14 -15 -15 -18
DST2312*22PPX120   0 -16 -17 -16 -13 -12 -10  -8  -5  -2  -2  -4  -4  -5  -3  -3  -3  -2  -3  -2  -3  -2  -9 -12 -10  -7
DST2312*23PPX120   0 -10  -6  -7  -2   2   6   5   2  -3   1   1   1   0  -5 -13 -17 -12  -2  -1  -1   3   6   5   3  -2
DST2312*24PPX120   0   2   0  -4 -11 -15 -15 -15 -14 -11 -13 -13 -21 -21 -15 -12 -12 -11  -6  -4  -2   1   2   0   0  -9
DST2312*25PPX120   0  -1  -5  -5  -2   3   5   8   8   5   4   6   5   4   2   0   2   7   9   2  -2   2   7   8   7   3
DST2312*26PPX120   0   5   2   2   6   3   5   7   8   7   9   9  11  12  15  14  14  12   9   7   6   6   7   8   7   8
DST2312*27PPX120   0   2   4   5   2  -2  -2   1   4   6   6   3   3   5   4   6   7   7   8  10   9  10  10  11   8   5
DST2312*28PPX120   0   9   9   8   8   8   7   8  10  11   8   6   5   6   7   7   8   9   9   8   7   7  10  11  13   8
DST2312*29PPX120   0  21  19  14  12  16  18  20  16  13  11  14  13  12  10   9  12  13  12  13  12  12  19  15  13  14
DST2312*30PPX120   0  16  18  14  17  14  13  15  15  14  11  10   9   5   4   5   8   7   9  13  11   6  10  11   8  11
DST2312*31PPX120   0   6   7   7   6   8   6   6   5   7   8   6   5   7   4   2   2   2   4   2   0   1   2   2   4   5

[Created at Wed Jul 17 01:35:40 UTC 2024]
