DST2311*01PPX120   0 -16 -16 -11 -11 -11  -9  -8 -12 -17 -16 -11  -7  -8  -8  -9  -7  -5  -2  -4  -5  -3  -3  -2  -3  -9
DST2311*02PPX120   0  -4  -3  -3  -7  -8  -5  -2  -4  -3   0  -2  -5  -4  -7  -7  -7  -4  -3  -2   0  -2  -2   0  -1  -4
DST2311*03PPX120   0  -2  -3  -2   0   0   0  -1  -2   0   1   0  -2  -2  -1   3   6   9  11   9   8   9   7   6   3   2
DST2311*04PPX120   0   3   1   0   0  -1   0   0   0  -2  -1   0  -1   2   6  13  17  16  25   4 -21 -30 -33 -33 -54  -4
DST2311*05PPX120   0 -43 -32 -26 -25 -25 -21 -19 -24 -24  -1 -44 -83 -76 -48 -43 -75-135-149-154-163-149-159-155-139 -76
DST2311*06PPX120   0-125-117-116-122-117-106-108-106-102-110-108 -96 -90 -82 -74 -68 -61 -63 -68 -65 -61 -61 -59 -62 -89
DST2311*07PPX120   0 -67 -66 -64 -62 -62 -66 -62 -58 -55 -51 -50 -48 -44 -43 -39 -38 -34 -34 -39 -36 -32 -31 -31 -26 -47
DST2311*08PPX120   0 -23 -25 -28 -31 -36 -34 -33 -33 -32 -39 -34 -28 -27 -27 -26 -25 -25 -25 -23 -30 -34 -30 -29 -30 -29
DST2311*09PPX120   0 -31 -32 -33 -34 -32 -33 -33 -33 -34 -31 -29 -26 -20 -19 -20 -21 -20 -23 -19 -18 -13 -11 -10 -10 -24
DST2311*10PPX120   0 -15 -16 -17 -22 -27 -28 -26 -23 -25 -25 -21 -18 -16 -18 -19 -18 -16 -15 -14 -16 -15 -11 -11 -12 -19
DST2311*11PPX120   0 -12 -15 -15 -15 -16 -16 -15 -14 -12 -12 -12 -12 -13 -12 -13 -12 -10 -10 -12 -10  -8  -4  -1  -3 -11
DST2311*12PPX120   0  -3  -4  -5  -5  -6  -5   3  -5  -6  -5  -2  -2  -6  -5  -7  -4  -1  -3  -1   0  -2   4  12  17  -2
DST2311*13PPX120   0  -3 -22 -38 -33 -25 -22 -25 -24 -22 -13  -8  -4   6  -3  -7 -12 -13  -4  -5  -8  -6  -5  -6  -6 -13
DST2311*14PPX120   0  -2  -3  -1   1  -4  -5  -1   4   7  10   8   6   2   1  -6  -4   0  -1  -7  -8  -9  -6  -5  -9  -1
DST2311*15PPX120   0  -9  -6  -3  -2  -5  -8 -12 -16 -15 -12 -11  -9 -10 -12 -13  -8  -6  -9 -14 -17 -13 -17 -18 -15 -11
DST2311*16PPX120   0 -17 -16 -12 -11 -13 -12 -14 -21 -23 -20 -19 -17 -17 -19 -20 -17 -12 -10  -8 -10  -9  -9  -9  -6 -14
DST2311*17PPX120   0  -5  -3  -4  -5  -5  -5  -6  -7  -7  -8  -7  -4  -2  -2  -4 -10 -12 -11 -10  -9  -8  -5  -5  -4  -6
DST2311*18PPX120   0  -1   2   4   5   5   6   8   9   5   6   8   8   7   5   4   5   4   5   8   8   8   4   2   4   5
DST2311*19PPX120   0   3   4   4   6   9   9   7   8   7  10  10  10  10  11  14  13  11   8   9  10   8   7   7  10   9
DST2311*20PPX120   0  13  13  12  11   9   6   7   9  13  15  18  23  21  16  11  14  16  15  14  14  15  14  17  21  14
DST2311*21PPX120   0  23  20  18  18  15   9   8   7   0  -6   2   5   7  -3 -25 -34 -32 -22 -17 -11 -14 -25 -25 -38  -5
DST2311*22PPX120   0 -30 -30 -36 -40 -43 -54 -59 -59 -50 -46 -40 -43 -38 -35 -33 -32 -25 -25 -31 -34 -40 -35 -33 -33 -39
DST2311*23PPX120   0 -34 -30 -25 -28 -30 -30 -32 -30 -28 -26 -24 -23 -18 -18 -21 -21 -20 -17 -16 -12 -12 -11  -9  -9 -22
DST2311*24PPX120   0 -10 -14 -18 -22 -24 -26 -23 -21 -19 -14  -9  -5  -7 -10 -10 -14 -15 -16 -13 -13 -15 -17 -10  -8 -15
DST2311*25PPX120   0 -15 -16 -19 -20 -21 -21 -20 -21 -21 -23 -42 -39 -51 -47 -59 -63 -54 -63 -82 -90 -77 -76 -82 -78 -46
DST2311*26PPX120   0 -74 -68 -64 -61 -60 -61 -62 -63 -51 -48 -49 -44 -41 -44 -43 -40 -38 -35 -34 -34 -30 -27 -24 -22 -47
DST2311*27PPX120   0 -21 -22 -24 -26 -31 -32 -31 -30 -28 -25 -25 -19 -18 -23 -23 -20 -18 -14 -13 -12 -17 -20 -16 -17 -22
DST2311*28PPX120   0 -15 -16 -15 -16 -19 -22 -20 -13 -11 -13 -14 -15 -14 -15 -20 -18 -16 -15 -15 -14 -13 -12 -11 -12 -15
DST2311*29PPX120   0 -11 -10  -9 -10 -13 -13 -17 -17 -14 -13 -13 -12 -10 -11 -14 -12  -8  -5  -4  -4  -4  -5  -6  -6 -10
DST2311*30PPX120   0  -4  -3  -5  -9 -11  -6  -6  -7  -8  -4  -3  -4  -6 -12 -12 -10  -7  -6  -6  -6  -4  -6  -8  -8  -7

[Created at Wed Jul 17 01:35:33 UTC 2024]
