DST2310*01PPX120   0 -45 -35 -30 -32 -29 -25 -22 -24 -19 -19 -21 -25 -32 -33 -29 -25 -23 -20 -18 -17 -22 -21 -19 -16 -25
DST2310*02PPX120   0 -19 -22 -27 -22 -23 -26 -27 -28 -25 -26 -24 -21 -16 -13 -16 -14 -13 -16 -15 -18 -18 -17 -17 -11 -20
DST2310*03PPX120   0  -8  -7  -9 -11 -13 -13 -13 -11  -9  -9 -13 -18 -12 -15 -23 -30 -33 -38 -36 -28 -30 -26 -25 -25 -19
DST2310*04PPX120   0 -21 -20 -17 -20 -19 -23 -21 -20 -23 -18 -18 -27 -32 -33 -29 -26 -20 -18 -17 -16 -14 -21 -26 -22 -22
DST2310*05PPX120   0 -16 -20 -36 -48 -42 -37 -38 -35 -31 -36 -37 -29 -26 -28 -29 -24 -22 -21 -18 -17 -20 -19 -14 -10 -27
DST2310*06PPX120   0  -7  -7 -11 -17 -17 -13  -9  -4  -3  -1  -2 -10  -8  -7  -8 -10 -12 -12 -11  -9 -11  -6   3  -1  -8
DST2310*07PPX120   0  -1  -5  -9 -15 -18 -13  -4   1   5   3   1  -2   0  -3  -7  -8  -8  -6  -5  -5  -8  -9 -12 -15  -6
DST2310*08PPX120   0 -20 -24 -28 -31 -30 -26 -23 -21 -19 -21 -20 -17 -12  -9  -8  -3  -4  -7  -6  -3  -3   1   7   7 -13
DST2310*09PPX120   0   9  11   8   7   7   5   7   4   6  -2 -13 -21 -23 -23 -20 -25 -27 -27 -28 -21 -20 -15 -14 -14 -10
DST2310*10PPX120   0 -12 -13 -13 -11 -10 -11  -4   0  -5  -7  -7 -10 -10 -11  -9  -6  -2  -1  -2  -4  -5  -2  -2  -2  -7
DST2310*11PPX120   0  -1  -1   1   2  -1  -1   1   4   4   2   2   1   3   3   3   0  -3  -2   0  -1  -2   0   2   3   1
DST2310*12PPX120   0   4   5   2  -1  -1   2   3   5   7  10  10   5   4   4   6   9  10   8  10  15  15  14  14  14   7
DST2310*13PPX120   0  15  16  18  18  15   8   4   9  19  14  15  12   7  -1   8  11   2   9   1   0   2  -4  -7 -10   8
DST2310*14PPX120   0  -8  -3  -5  -9 -12 -11  -9 -10  -8 -12  -9 -10  -7  -4  -2   0   1   1  -1  -3  -1   2   5   4  -5
DST2310*15PPX120   0   2   1   0   0  -1  -1  -1  -1   2   2   1  -2   1   2   2   0   0  -2  -4  -3  -4  -2   1  -1   0
DST2310*16PPX120   0   1   3   4   3   1   0   0  -3  -3  -5  -5  -3   0   2   4   7   7   4   2   2   2   4   3   2   1
DST2310*17PPX120   0   2   2   1   1   4   7   7   4   3   2   2   4   5   6   8   9   9   8   8   8   7   8   7   9   5
DST2310*18PPX120   0  11  10   7  12  21  20  17  17  21  20  12  14   2 -13  -9 -11 -18 -15 -18 -24 -29 -29 -28 -25  -1
DST2310*19PPX120   0 -22 -25 -30 -33 -32 -32 -31 -33 -36 -38 -29 -29 -29 -29 -31 -31 -31 -30 -27 -20 -19 -17 -13  -9 -27
DST2310*20PPX120   0  -5  -7 -10 -10 -12 -11  -6  -8  -9  -5  -4   2   4   4   0  -1  -1  -2  -4  -9 -22 -28 -35 -42  -9
DST2310*21PPX120   0 -47 -53 -57 -60 -66 -76 -81 -88 -83 -77 -70 -71 -65 -59 -55 -51 -52 -43 -40 -38 -36 -31 -30 -31 -57
DST2310*22PPX120   0 -31 -34 -41 -40 -33 -26 -24 -28 -31 -32 -33 -31 -27 -24 -21 -25 -26 -25 -20 -23 -29 -24 -17 -16 -28
DST2310*23PPX120   0 -17 -18 -16 -14 -14 -14 -12 -11 -12 -13 -12 -11 -10  -9  -8  -8  -7  -4  -3  -3  -3  -2  -2  -3  -9
DST2310*24PPX120   0  -5  -4  -5  -5  -5  -6  -5  -6  -7  -5  -3   0  -2  -4  -5  -5  -3  -1  -5  -8  -7  -3  -2   0  -4
DST2310*25PPX120   0   2   0   1   2   0   2   2  -1  -3  -6  -6  -5  -1   1   2   2   4   0   0   3   1   0  -2  -3   0
DST2310*26PPX120   0  -5  -9  -8  -5   1  -1   3   4   2 -10 -25 -39 -36 -25 -33 -36 -34 -33 -33 -37 -36 -46 -38 -32 -21
DST2310*27PPX120   0 -33 -38 -47 -46 -43 -41 -48 -48 -45 -43 -43 -40 -33 -29 -28 -29 -29 -27 -24 -20 -17 -12  -9 -10 -33
DST2310*28PPX120   0 -10 -11 -10 -10  -7  -8 -22 -28 -33 -49 -57 -60 -57 -44 -38 -45 -44 -46 -40 -42 -38 -32 -23 -27 -33
DST2310*29PPX120   0 -42 -44 -34 -34 -47 -54 -47 -41 -54 -55 -58 -52 -41 -38 -35 -37 -34 -30 -27 -33 -34 -27 -28 -28 -40
DST2310*30PPX120   0 -32 -37 -40 -37 -31 -28 -26 -28 -30 -32 -31 -33 -29 -28 -25 -19 -15 -17 -20 -18 -19 -19 -17 -13 -26
DST2310*31PPX120   0 -12 -14 -18 -17 -15 -12 -13 -15 -16 -20 -28 -31 -21 -20 -17 -19 -18 -17 -17 -19 -23 -19 -16 -16 -18

[Created at Wed Jul 17 01:35:25 UTC 2024]
