DST2405*01PPX120   0 -19 -26 -21  -7  -5  -3  -5  -4  -2   0  -3  -4  -6  -5  -4   1   3   6   1   5  12  11  13  10  -2
DST2405*02PPX120   0   7   5  12  13  13  13   8   6  10  16  13   3  -3 -11 -11 -43 -71 -70 -82 -89 -88 -67 -44 -53 -21
DST2405*03PPX120   0 -55 -53 -47 -54 -51 -49 -47 -44 -38 -36 -33 -32 -31 -29 -30 -27 -27 -29 -30 -32 -28 -22 -17 -17 -36
DST2405*04PPX120   0 -18 -18 -17 -13 -10  -8  -7  -8  -9 -10 -10  -9  -9 -11 -11 -12 -12 -10  -9  -8  -9  -8  -3   2 -10
DST2405*05PPX120   0   4   2   3   0  -5  -7  -5   2   7   6   8  13  18  19  22  22  18  15  14  10  -1 -18 -33 -39   3
DST2405*06PPX120   0 -33 -43 -35 -34 -33 -27 -17 -17  -9  -6  -3  -4  -1   1  -3   1  -4  -9 -12 -13 -13 -10  -8  -5 -14
DST2405*07PPX120   0  -6  -6  -4  -7  -7  -3   2   6   4   1  -1  -4  -6  -7  -8  -8 -10 -15 -12  -8  -2   1   5   4  -4
DST2405*08PPX120   0   3   5   7   5   6   9   9   9   8   9   7   7   6   4   6   5   5   3   3   5   7  11  15  14   7
DST2405*09PPX120   0  15  17  18  15  15  14  14  13  14  15  15  17  18  21  21  18  18  20  22  22  21  20  20  17  18
DST2405*10PPX120   0  12  10  12  21  16   7   9  16  13  15  13   3  -1   1  10  23  25  66 -33-131-157-277-339-308 -41
DST2405*11PPX120   0-313-390-406-395-389-358-320-374-364-297-318-268-258-279-281-265-270-248-203-198-190-169-157-167-287
DST2405*12PPX120   0-150-142-135-138-138-143-132-132-131-114-104-108-108-104-102 -96 -97 -93 -87 -82 -75 -77 -86 -81-111
DST2405*13PPX120   0 -74 -76 -83 -88 -93 -86 -84 -67 -63 -59 -57 -61 -59 -63 -57 -51 -54 -55 -55 -51 -48 -44 -43 -46 -63
DST2405*14PPX120   0 -45 -48 -49 -51 -46 -42 -41 -43 -46 -49 -51 -53 -54 -48 -45 -44 -42 -42 -45 -44 -41 -39 -38 -41 -45
DST2405*15PPX120   0 -42 -40 -39 -39 -32 -30 -33 -35 -33 -33 -36 -44 -46 -44 -41 -40 -40 -38 -32 -32 -36 -42 -44 -49 -38
DST2405*16PPX120   0 -49 -51 -48 -46 -39 -29 -37 -32 -38 -74 -82 -73 -63 -73 -71 -73 -69 -68 -64 -58 -54 -52 -51 -49 -56
DST2405*17PPX120   0 -51 -52 -51 -50 -43 -37 -39 -34 -31 -30 -30 -34 -40 -28 -23 -21 -36 -52 -66 -77 -80 -78 -85 -88 -48
DST2405*18PPX120   0 -82 -81 -78 -78 -78 -72 -69 -66 -62 -62 -67 -68 -65 -63 -62 -62 -58 -54 -53 -49 -45 -38 -33 -34 -62
DST2405*19PPX120   0 -35 -32 -34 -37 -39 -42 -39 -37 -35 -32 -24 -26 -25 -24 -27 -33 -34 -33 -33 -28 -16 -14 -12 -12 -29
DST2405*20PPX120   0 -14 -15 -14 -20 -22 -19 -20 -34 -29 -24 -28 -30 -25 -18 -21 -19 -18 -18 -16 -13 -11  -9  -9 -13 -19
DST2405*21PPX120   0 -13  -9 -10 -13 -13 -12 -10 -11  -9  -7  -9 -15 -24 -20 -15 -12 -15 -17 -14  -9  -9 -12 -13 -14 -13
DST2405*22PPX120   0 -12 -12 -11 -12  -8  -7  -6  -5  -5  -6  -7  -6  -5  -4  -2  -1  -1   3   5   6   8   8   9   7  -3
DST2405*23PPX120   0   4   5   7   7  10   7   2   0  -8 -10 -10 -14 -14 -14 -16 -19 -25 -28 -28 -25 -20 -23 -26 -15 -11
DST2405*24PPX120   0 -16 -15 -12 -11 -16 -25 -26 -27 -21 -21 -18 -20 -23 -24 -23 -25 -25 -27 -26 -25 -23 -19 -11  -4 -20
DST2405*25PPX120   0  -1  -3  -6 -11 -11 -10  -8  -8  -9  -8  -8  -6  -5  -2  -2  -2  -3  -9 -14 -13 -10  -9 -15 -20  -8
DST2405*26PPX120   0 -19 -17 -14 -12 -13 -12 -11 -11 -12 -11  -7  -8 -10 -11 -17 -18 -22 -21 -22 -27 -27 -17 -11  -6 -15
DST2405*27PPX120   0  -5  -1   0  -1   0   0  -2   2  -1  -9 -10 -12  -4  -4 -10 -12 -12 -10  -9 -10  -7  -5  -6  -7  -6
DST2405*28PPX120   0  -5  -6  -8  -8  -4   2   4   4   8   9   7   6   3   0   1   5   8  10  11  10   8   7   8  10   4
DST2405*29PPX120   0  10  14  15  13  16  18  16  18  22  24  23  16  15  15  17  21  27  25  19  11  12   7   4   2  16
DST2405*30PPX120   0   1   1   4   5  10  11  11  14  16  17  12  13  10   5   5   0  -3  -5  -9 -17 -18 -17 -12  -7   2
DST2405*31PPX120   0  -5  -4 -11 -17 -22 -21 -21 -17 -18 -22 -21 -24 -22 -20 -20 -21 -18 -20 -25 -28 -26 -24 -21 -19 -19

[Created at Tue Jan 28 05:47:42 UTC 2025]
