DST2412*01PPX120   0   6   7  11   7   4  10  11   4  -7  -3   0  -5  -9  -9  -6  -1   2   6   6  -1  -3   1  -2   1   1
DST2412*02PPX120   0   5   1   0  -3  -8  -9  -7  -8  -6  -4  -5  -7  -3   1   3   2   1   2   4   3  -5   1   0   2  -2
DST2412*03PPX120   0  -7  -9  -2   3  -5 -14 -17 -19 -18 -19 -17 -23 -18 -11 -10  -5  -3  -3 -21 -30 -27 -24 -23 -17 -14
DST2412*04PPX120   0 -12  -7  -6  -8 -10  -9  -8 -10 -13 -12 -10 -13 -15 -16 -11  -8  -9  -9 -12 -17 -17 -14 -21 -19 -12
DST2412*05PPX120   0 -13 -10  -9  -9  -9  -5  -6  -6  -6  -8 -11 -15 -16 -14 -11  -8  -8  -9  -8  -9 -10 -13 -13 -10 -10
DST2412*06PPX120   0  -6  -7  -6  -8 -15 -12 -10  -9  -6  -3   0  -3  -4  -4  -7  -6  -7  -8  -8  -9  -8  -9 -12  -9  -7
DST2412*07PPX120   0  -2   1   2   4  10  12  12   8   8   1   2   1   3  -3  -4  -8  -6  -4   0   4   1  10   8   3   3
DST2412*08PPX120   0   4   4   4   0  -5 -10  -9  -9  -9  -9  -8 -13 -15 -19 -21 -20 -17 -13 -12 -16 -22 -20 -18 -14 -11
DST2412*09PPX120   0 -11 -13 -25 -31 -29 -24 -25 -28 -27 -28 -27 -27 -32 -34 -37 -40 -43 -39 -30 -32 -36 -35 -34 -29 -30
DST2412*10PPX120   0 -22 -22 -25 -30 -31 -26 -26 -31 -32 -32 -29 -23 -23 -25 -24 -26 -26 -24 -21 -24 -24 -21 -22 -23 -26
DST2412*11PPX120   0 -21 -22 -25 -29 -30 -30 -29 -30 -30 -30 -28 -28 -24 -20 -24 -26 -27 -24 -19 -17 -14 -13 -11 -10 -23
DST2412*12PPX120   0  -9 -11 -11 -14 -17 -16 -13 -14 -12 -12 -11 -12 -12 -11 -12 -11 -10  -7  -4  -7  -4  -3  -5  -4 -10
DST2412*13PPX120   0  -2   1   1  -1  -2  -4  -6 -10 -12 -10  -6  -4  -7  -8  -9  -9 -12 -10 -10 -13 -11  -9  -8  -6  -7
DST2412*14PPX120   0  -5  -3  -2  -5  -9 -11 -13 -17 -12  -9  -9 -11  -9  -7  -7 -10 -20 -29 -35 -33 -29 -25 -21 -20 -15
DST2412*15PPX120   0 -19 -20 -18 -16 -17 -15 -15 -14 -15 -20 -16 -17  -9 -11 -14 -16 -18 -15 -11 -15 -17 -14 -11  -4 -15
DST2412*16PPX120   0   1   2   5   6  12   0 -10 -12 -13 -10  -7  -8 -10 -14 -14 -13 -13 -18 -19 -22 -15 -10 -16 -20  -9
DST2412*17PPX120   0 -15 -12 -13 -25 -28  -4 -13 -20 -17  -6   3   5   3  17  26  33  13   6   4  -8 -17 -23 -23 -25  -6
DST2412*18PPX120   0 -22 -24 -21 -15 -17 -23 -25 -25 -21 -21 -25 -24 -25 -21 -20 -18 -21 -22 -19 -22 -22 -21 -20 -16 -21
DST2412*19PPX120   0 -12 -13 -19 -14 -10 -12 -17 -18 -15 -18 -19 -19 -19 -25 -29 -26 -20 -16 -14 -13 -13 -16 -24 -24 -18
DST2412*20PPX120   0 -20 -18 -15 -18 -18 -10 -10 -10  -8 -10  -8 -13 -11 -13 -23 -24 -21 -20 -11 -16 -17 -21 -21 -23 -16
DST2412*21PPX120   0 -21 -15 -16 -13  -9  -7  -4  -5  -5  -8  -8 -10 -11 -13 -21 -23 -21 -16 -21 -25 -25 -21 -19 -17 -15
DST2412*22PPX120   0 -13 -10  -7  -6  -7  -7  -9  -9  -9 -16 -21 -18 -16 -21 -25 -24 -21 -28 -26 -33 -34 -34 -42 -33 -20
DST2412*23PPX120   0 -29 -33 -30 -25 -21 -20 -19 -16 -16 -14 -13 -19 -22 -24 -27 -26 -28 -26 -20 -16 -27 -34 -39 -29 -24
DST2412*24PPX120   0 -26 -26 -27 -23 -25 -24 -17 -16 -12 -10 -12 -12 -13 -17 -19 -22 -26 -20 -15 -14 -14 -19 -21 -16 -19
DST2412*25PPX120   0 -13 -14 -17 -16 -17 -12  -7  -8  -7  -8  -8 -11 -12 -13 -11  -7  -7  -9  -9 -10 -11 -12 -13 -11 -11
DST2412*26PPX120   0  -8  -6  -6  -9  -7  -3   0   2   4   2  -1  -1   2   3   2  -1  -1   2   4   4   6   6   2   2   0
DST2412*27PPX120   0   0   1   4   4   4   3   3   4   6   5   4   2   4   7   9   9  11   4   2   2   1  -1   0   3   4
DST2412*28PPX120   0   6   4   0   1   3   2   1   4   3   3   6   5   2   0   1   2   3   5   6  10   8   9   8   4   4
DST2412*29PPX120   0   1  -2  -2  -1  -1   2   3   3   2   1  -2   0   2   1  -1   2   1   2   0  -1  -1   0   4   6   1
DST2412*30PPX120   0   7   8   9   9   7   3  -2  -4  -4  -4  -5 -11 -12  -9  -7  -3  -3  -2  -2  -1   3   0   1   4  -1
DST2412*31PPX120   0   6   6   3   0   3   3  -1  -6  -5  -7 -10  -8  -9  -7  -4  -3  14  17  14   7  -6 -18 -23 -22  -2

[Created at Thu Oct 2 01:06:09 UTC 2025]
