DST2408*01PPX120   0  -3  -1  -5  -1   2 -11 -18 -15 -11   2   1   0   3   6   7  10  10  17  18  18  14  11  11  15   3
DST2408*02PPX120   0  20  23  21  21  23  20  22  15   9   9  11  12   5   2   0   1   4   6   9  10   8  10  12  14  12
DST2408*03PPX120   0  13   9   8   5  -2   2   5   4   0   2   6   7   4   7   9   6   6  11  15  17  11   7   3   3   7
DST2408*04PPX120   0   8  10   9   1 -12  -7 -12 -21 -48 -61 -55 -65 -66 -68 -72 -88 -99-100 -97 -91 -83 -72 -55 -47 -50
DST2408*05PPX120   0 -51 -52 -51 -54 -52 -46 -32 -27 -34 -31 -26 -31 -35 -35 -31 -28 -22 -16 -13 -13 -11 -12  -8  -7 -30
DST2408*06PPX120   0  -8 -11 -13 -13 -10 -10 -14 -15 -19 -17 -13 -11  -8  -4   0   3   2   0   0  -1  -2  -2  -1  -2  -7
DST2408*07PPX120   0  -1  -1  -1  -1  -1   0   3   4  -3  -2  -2  -6  -4   3   6   9  10  13  15  15  13  10   7   4   4
DST2408*08PPX120   0   0   1   0  -1   0   1   1  -2  -3   1   3   9   9  11  16  20  17  19  17  19  15  13  13  13   8
DST2408*09PPX120   0  15  15  14   8   8  15  17  15  13  11  12  12   9  10  10  14  15  19  21  20  17  17  13  14  14
DST2408*10PPX120   0  13  13  14  13  11   9   5   4   3   1   4   8  10  21  23  26  18  18  19  20  17  15  13  16  13
DST2408*11PPX120   0  25  31  38  38  29  35  40  19  19  34  24  50  35  38  54  50  41  65  64  71  68  62  60  38  43
DST2408*12PPX120   0   4  -4  -8 -45 -87-125-128-139-125-131-118-141-132-148-170-175-188-183-170-167-167-151-127-110-122
DST2408*13PPX120   0-103 -95 -92 -87 -90 -83 -75 -73 -74 -74 -69 -63 -63 -62 -57 -55 -55 -49 -46 -53 -49 -46 -50 -51 -67
DST2408*14PPX120   0 -55 -60 -58 -44 -34 -31 -37 -42 -43 -39 -33 -33 -32 -28 -25 -24 -23 -23 -19 -17 -16 -18 -19 -17 -32
DST2408*15PPX120   0 -11  -9  -5  -7 -11 -10 -10  -9 -10  -9  -6  -7 -10 -11  -9  -7  -5  -5  -3  -1   1   4  -2  -1  -6
DST2408*16PPX120   0  -4  -6 -14 -16 -13 -13 -17 -24 -24 -27 -31 -28 -23 -14 -16 -19 -20 -12 -11 -11 -11  -9  -6  -2 -15
DST2408*17PPX120   0   0   2   2   4   4   2  -3  -4  -6  -4  -2   3   2   3  19  31  12  27  48  37  19  -7 -20 -10   7
DST2408*18PPX120   0  -1   4   2   5  -4  -2  -2   3   8  10  14   7   9   6  -5  -8  -5  -8 -11 -15 -15 -14 -10  -5  -2
DST2408*19PPX120   0   1   4   3   4   2   3   5   5   2   1   2   3   0  -1  -4   4   9  10   1  -6 -14 -23 -23 -26  -2
DST2408*20PPX120   0 -21 -11  -4 -14 -21 -17 -11 -13 -11  -4   0  -5 -10 -12 -14  -9 -12  -9  -9  -9 -10 -10 -10 -13 -11
DST2408*21PPX120   0  -8  -3   5   7   6   7   9   0  -8  -3   3   1  -2  -6  -4  -3   2  -2  -7 -12 -11  -9  -6  -3  -2
DST2408*22PPX120   0   1   2   7   9   9   2  -4  -7  -8  -2   7  10   9  14  19  17  13  16  18  14  10  10   8   8   8
DST2408*23PPX120   0  11  15  17  18  21  15   8   7   4  14  19  19  14   7   5   5   5   8   9   6   0  -2  -3   0   9
DST2408*24PPX120   0  -2  -4  -3   0  -4  -8  -2  -1  -8  -9   1   2  -1  -6 -10 -11 -13  -5  -1  -3 -14 -17 -19 -17  -6
DST2408*25PPX120   0 -12  -4  -1  -1   0  -1   0  -1   4   3   7   9   9   9  10  10  10  12  10   7   5   5   4   2   4
DST2408*26PPX120   0   1   3   7   7   7   9  11  12  11   9   7   7   9   9   7   7   6   4   4   6   9  11  12  10   8
DST2408*27PPX120   0  10  13  15  16  16  16  15  15  19  31  26  25  19  22  23  26  17  18  26  28  23  12   2  -4  18
DST2408*28PPX120   0 -21 -30 -33 -41 -61 -75 -76 -72 -75 -69 -53 -44 -42 -37 -38 -33 -29 -28 -30 -30 -29 -28 -25 -20 -42
DST2408*29PPX120   0 -13 -10  -9  -8  -6  -4   0   4   6   5   9   8  10  10   7   4   4   5   6   8   5   4   8  10   3
DST2408*30PPX120   0  12  12  17  17  14  11  12  12  15  24   7  -3 -14 -25 -36 -30 -27 -27 -39 -51 -55 -49 -46 -42 -12
DST2408*31PPX120   0 -48 -58 -66 -69 -68 -71 -73 -50 -45 -36 -32 -32 -31 -24 -16 -21 -18 -14  -9 -20 -32 -39 -43 -42 -40

[Created at Tue Jan 28 05:48:02 UTC 2025]
