DST2411*01PPX120   0 -30 -24 -25 -26 -23 -24 -21 -16 -17 -17 -21 -19 -23 -18 -14 -13 -11  -8  -5  -8  -6  -4  -4  -4 -16
DST2411*02PPX120   0  -6  -3  -1   0   2   2   2   0  -8 -15 -30 -33 -40 -43 -41 -42 -33 -28 -27 -26 -28 -33 -31 -36 -21
DST2411*03PPX120   0 -38 -30 -27 -26 -23 -23 -21 -18 -19 -20 -18 -19 -20 -16 -12  -9  -7  -1  11   8  -5 -15 -18 -24 -16
DST2411*04PPX120   0 -30 -35 -32 -20 -16 -26 -31 -32 -33 -30 -29 -30 -31 -27 -21 -21 -17 -14 -11  -8  -7  -6  -6 -14 -22
DST2411*05PPX120   0 -22 -19 -15 -12 -11 -12 -10 -10 -10  -5  -4  -8  -9  -7  -2   1  -3  -3  -3   0  -2  -9 -17 -20  -9
DST2411*06PPX120   0 -22 -21 -23 -24 -23 -26 -23 -22 -19 -20 -25 -27 -26 -20 -17 -17 -13  -8  -4  -1  -1   0  -1   0 -16
DST2411*07PPX120   0  -1  -2  -3  -1   0  -4  -9 -10 -13 -13  -6  -6  -6  -6  -3   9  12   9   2  -1 -11 -12 -13 -17  -4
DST2411*08PPX120   0 -19 -16 -12  -7  -2  -1  -2  -2  -2   1   3   9   9  -1   0   1   6   2   0 -11 -18 -23 -30 -38  -6
DST2411*09PPX120   0 -44 -43 -39 -42 -42 -44 -50 -52 -44 -50 -70 -90-101 -89 -82 -87 -94 -96 -91 -77 -72 -67 -66 -62 -66
DST2411*10PPX120   0 -56 -56 -59 -50 -48 -51 -50 -49 -47 -48 -51 -53 -50 -54 -53 -51 -55 -60 -56 -46 -54 -59 -57 -55 -53
DST2411*11PPX120   0 -48 -42 -40 -38 -37 -40 -42 -39 -36 -36 -35 -36 -37 -38 -31 -24 -24 -27 -26 -23 -19 -20 -18 -18 -32
DST2411*12PPX120   0 -16 -14 -14 -12 -13 -18 -23 -25 -22 -17 -12 -10 -11 -13 -15 -13 -15 -18 -20 -18 -15 -13 -12 -15 -16
DST2411*13PPX120   0 -17 -14 -13 -17 -16 -15 -13 -10 -12 -10  -8  -6  -6 -12 -15 -17 -16 -14 -11 -10  -9  -4   1   5 -11
DST2411*14PPX120   0   8  13  14   3  -8 -18 -14 -10 -13 -15 -12 -12 -21 -23 -21 -21 -22 -28 -36 -35 -41 -47 -42 -37 -18
DST2411*15PPX120   0 -34 -30 -33 -33 -36 -37 -36 -38 -37 -34 -33 -34 -33 -27 -23 -23 -28 -33 -37 -39 -40 -43 -43 -42 -34
DST2411*16PPX120   0 -43 -37 -32 -30 -32 -38 -40 -42 -38 -35 -26 -21 -25 -24 -19 -17 -16 -16 -15 -14 -12 -10  -2  -2 -24
DST2411*17PPX120   0  -4  -5  -5  -6  -8  -9  -7  -4 -10 -12 -10  -4  -7 -12 -13 -10  -7  -3  -1   1   0   0   1   0  -6
DST2411*18PPX120   0  -1  -2   0   0  -6  -2  -1  -2  -6  -5  -4  -6  -4  -1   0   0   0   2  -1  -3  -3  -2   0  -2  -2
DST2411*19PPX120   0  -5  -4  -4  -5  -4  -3  -5  -5  -4  -9 -12 -12 -14 -21 -25 -25 -22 -27 -33 -29 -28 -27 -25 -22 -15
DST2411*20PPX120   0 -19 -13 -11 -13 -24 -22 -14  -6  -4 -13 -14  -2  -1  -3  -4  -5  -4  -3   0   4   6  11  13  15  -5
DST2411*21PPX120   0  15  14  16  18  18  15  14  12   5   3   2   1  -1   0   1  -1   4   4   4   5  -1  -4  -7  -3   6
DST2411*22PPX120   0  -8  -7  -7  -6  -4  -4   1   7   8   7   8   7  -4  -9  -9 -13 -20 -28 -26 -22 -17 -14 -12 -21  -8
DST2411*23PPX120   0 -19 -14 -12 -13 -12 -10 -10  -9 -12 -14 -13  -6  -4  -9 -10  -8  -4  -2   0  -1   0   0  -2  -1  -8
DST2411*24PPX120   0  -4  -3  -7  -7  -3  -2   2   4   5   1   2   5   4   3   3   1   2   6   7   8   4   5   7  -2   2
DST2411*25PPX120   0  -7 -11 -12 -10  -6  -3  -3  -4  -2  -5  -4  -7  -9 -10 -11 -15 -14 -10  -4  -4  -6  -2  -4  -1  -7
DST2411*26PPX120   0  -1  -2  -6  -5  -1  -2  -1   0   0  -1  -3  -2  -1   2   4   3   3   1   3   5   5   3   2   5   0
DST2411*27PPX120   0   8   7   5   6   7   5   5   7   8   6   8  11  11  10  10   9   9   7   8   8   7   7   5   5   7
DST2411*28PPX120   0   3   3   3   2   4   6   8  10  11  12  11   9   9   6   7   6   7   7  10   9  11  12  13  15   8
DST2411*29PPX120   0  14  15  15  27  32  34  37  35  33  33  26  25  25  20  17  12  11  11  17  26  22   6   5  12  21
DST2411*30PPX120   0   6  -3  -9  -7  -6  -5  -7   0   6   5   3   3   1  -2  -3  -5  -7  -3   1   0  -4  -3  -1   8  -1

[Created at Thu Oct 2 01:05:21 UTC 2025]
