DST2403*01PPX120   0   5   1  -5  -7 -11 -14 -14 -18 -22 -18 -11  -5  -6  -9 -11 -10 -14 -15 -17 -18 -18 -15 -13 -12 -12
DST2403*02PPX120   0 -10  -8  -8 -12 -12 -12 -12 -11 -11  -8  -5  -3  -2   4   3   2   1  -1  -1   2   3   1   0   1  -4
DST2403*03PPX120   0   2   5   4   4   4   8   8  11  10  13  31  33  35  13 -19 -49 -71 -99-111-112-102 -86 -81 -81 -26
DST2403*04PPX120   0 -86 -79 -67 -66 -69 -68 -61 -56 -52 -48 -43 -39 -34 -35 -39 -42 -39 -37 -37 -41 -41 -40 -40 -38 -50
DST2403*05PPX120   0 -37 -27 -25 -27 -27 -29 -33 -31 -34 -27 -26 -27 -28 -30 -31 -29 -26 -25 -25 -25 -22 -19 -18 -19 -27
DST2403*06PPX120   0 -20 -19 -18 -28 -32 -27 -19 -17 -15 -11 -10 -10 -13 -13 -17 -17 -14 -13 -15 -15 -13 -10  -8  -6 -16
DST2403*07PPX120   0  -8   3   3   1   0  -2  -2  -2  -4  -5  -9  -3  -5 -10 -11 -15 -12 -12 -22 -31 -36 -29 -19 -19 -10
DST2403*08PPX120   0 -16 -10  -7 -12 -23 -25 -19 -19 -18 -19 -15  -9  -6  -9 -14 -18 -18 -15 -13 -11 -16 -25 -23 -22 -16
DST2403*09PPX120   0 -21 -21 -19 -17 -20 -25 -19 -20 -23 -24 -22 -16 -14 -13 -14 -16 -15 -17 -19 -22 -17 -15 -13 -15 -18
DST2403*10PPX120   0 -13 -10  -8 -10  -9 -11 -13 -13 -16 -11 -11  -6  -5  -7 -11 -12 -15 -16 -13 -15 -16 -17 -17 -16 -12
DST2403*11PPX120   0 -14 -10  -6  -6  -8 -10 -10  -7  -8 -11 -11 -11  -6  -3  -2  -2  -1  -2  -5  -2  -1   1   1   0  -6
DST2403*12PPX120   0  -8  -9  -5  -6  -4  -3  -1   1  -1   1  -3  -7  -9 -12 -12 -12  -9  -6  -4  -1   0   2   3   3  -4
DST2403*13PPX120   0   4   2   1  -1  -2   0  -1 -10 -21 -20 -13 -17 -21 -19 -15 -11 -15 -17 -19 -17 -14 -15 -14 -13 -11
DST2403*14PPX120   0  -7  -2   0  -2 -12  -9  -2   0  -4  -9  -8  -6  -4  -4  -4  -5  -6  -7  -9  -7  -2  -1   1  -9  -5
DST2403*15PPX120   0 -12  -8  -7  -8 -12 -16 -15 -13 -14 -16 -13  -8  -7 -11 -14 -13 -12 -10  -7  -4  -2  -1   0  -2  -9
DST2403*16PPX120   0  -3  -1   0  -2  -1  -1   0   1   2   4   3   4   2  -2  -3  -3  -1   2   2   1   1   1   1   0   0
DST2403*17PPX120   0   1   3   3   1   1   2   4   5   7  10  11   9   6   4   3   3   5   5   4   4   4   4   3   2   4
DST2403*18PPX120   0   2   5   6   6   7   9  11  13  11  12  12  10   9   8   8   8  12  15  16  13   9   6  -6 -15   8
DST2403*19PPX120   0 -17 -16 -14 -19 -21 -25 -25 -19 -12  -9  -7  -8 -12 -16 -19 -17 -13 -11 -11  -9  -8 -12 -14 -10 -14
DST2403*20PPX120   0  -6  -5  -5  -5  -4  -3  -4  -4  -1   2   4   4   3   2   3   4   3   1   2   1   2   5   4   5   0
DST2403*21PPX120   0   7   9  11  18  16  17  18   8  -5  -8  -1   4  -6 -27 -39 -46 -40 -43 -55 -68 -72 -74 -57 -53 -20
DST2403*22PPX120   0 -49 -51 -44 -34 -33 -29 -21 -26 -25 -21 -16 -11 -21 -24 -22 -15 -16 -17 -21 -22 -22 -20 -17 -15 -25
DST2403*23PPX120   0 -12   3  10  11 -11 -19 -31 -35 -37 -33 -32 -25 -15  -8  -6 -15 -13  -7 -22 -42 -63 -79 -79 -66 -26
DST2403*24PPX120   0 -68 -64 -70 -66 -66 -61 -56 -54 -54 -53 -52 -55 -50 -48 -28 -25-101-114-103-126-128-119-109 -94 -74
DST2403*25PPX120   0 -88 -81 -62 -51 -53 -38 -57 -65 -63 -56 -46 -48 -51 -56 -51 -53 -57 -63 -63 -68 -66 -63 -60 -55 -59
DST2403*26PPX120   0 -56 -53 -56 -57 -52 -50 -46 -46 -46 -45 -35 -24 -26 -35 -37 -35 -34 -36 -37 -36 -36 -38 -40 -40 -42
DST2403*27PPX120   0 -33 -29 -26 -33 -33 -29 -28 -24 -17 -16 -18 -22 -26 -27 -23 -24 -24 -26 -28 -27 -18 -15 -15 -11 -24
DST2403*28PPX120   0 -12 -12 -11 -10 -12  -9  -9  -9 -10 -15 -17 -15 -13 -11 -11  -9  -8  -7  -4  -3  -2   1  -1   9  -8
DST2403*29PPX120   0   9   4   2   0  -2  -7  -9  -9  -3  -5  -7  -4  -7  -9 -10 -10  -8 -10 -10 -10  -8  -6  -6  -6  -5
DST2403*30PPX120   0  -5  -3  -3  -1  -1   2   3   4   6   3   0   1   2   7   8   7   3   4   4   5   5   4   8   9   3
DST2403*31PPX120   0   5  -1  -9 -12  -7  -7  -9 -17 -15 -14 -16 -16 -16 -17 -17 -13 -13 -15 -13  -9  -4  -5  -9 -11 -11

[Created at Wed Oct 16 04:05:53 UTC 2024]
