DST2409*01PPX120   0 -51 -43 -38 -41 -42 -43 -34 -26 -27 -28 -19 -17 -16 -14 -19 -23 -29 -31 -34 -34 -29 -25 -23 -22 -30
DST2409*02PPX120   0 -18 -17 -14 -13 -16 -14 -11 -10 -11  -8  -4 -10 -11  -6  -7 -14 -21 -21 -17 -17 -15 -11  -8  -5 -12
DST2409*03PPX120   0   2   6   9  10   8   3  -3  -5  -7  -6  -6  -7  -7  -6  -2   2   9  11  10   7   8   7   9  14   3
DST2409*04PPX120   0  15  17  16  16  15  16  18  22  26  25  35  31  30  37  24  17  24  23  28  22  16  13  10  11  21
DST2409*05PPX120   0  14  15  17  14  12  15  14  17  18  16  12  11  10  11  14  17  18  20  18  14  16  16  21  22  16
DST2409*06PPX120   0  20  17  16  15  13  14  18  19  17  11  16  16  10   7   8  12  16  17  13   6   3   1   6   9  13
DST2409*07PPX120   0  10   6   8  10   8   9  11  15  18  19  18  14  15  13  10  15  15  14  11  15  18  17  18  19  14
DST2409*08PPX120   0  22  17  14  10   7   4  12  16  11  12  13  14  15  10   7  11  13  12  14  12  19  21  19  13  13
DST2409*09PPX120   0  10   2  -2  -3  -8  -4   2   6   8   2   5   2   0  -3  -2   4  11   8   6   6   6   7   8   5   3
DST2409*10PPX120   0   1   0   1   1   1   4   6   9   9  10  12   5   4   4   0   2   5   8  10  14  20  19  17  11   7
DST2409*11PPX120   0  10   8   8  11  11   9  10  12  15  13  19  17  17  17  13  17  29  20  11   9  18  14   9   7  14
DST2409*12PPX120   0  13  18  17  22  38  31  18 -23 -67 -78 -90 -85 -80-112-121-103 -80 -78 -95-107-115-109-101-108 -58
DST2409*13PPX120   0 -97 -96 -88 -93 -92 -99-100 -87 -91 -91 -86 -78 -71 -71 -74 -70 -61 -62 -60 -59 -63 -74 -69 -61 -79
DST2409*14PPX120   0 -61 -60 -60 -60 -58 -54 -52 -50 -56 -65 -64 -62 -62 -53 -55 -53 -51 -52 -52 -51 -51 -54 -52 -40 -55
DST2409*15PPX120   0 -35 -34 -34 -43 -50 -57 -60 -56 -53 -54 -47 -43 -41 -44 -43 -41 -37 -43 -43 -46 -44 -40 -37 -34 -44
DST2409*16PPX120   0 -29 -33 -34 -30 -29 -36 -33 -39 -44 -39 -31 -49 -53 -45 -34 -31 -34 -37 -36 -32 -30 -27 -22 -11 -34
DST2409*17PPX120   0 -23 -42 -80-102-120-119-120-114-121-120-119-116 -96 -87 -94 -91 -90 -93 -91 -85 -78 -76 -68 -60 -92
DST2409*18PPX120   0 -59 -62 -62 -56 -53 -50 -47 -44 -41 -37 -33 -33 -36 -35 -31 -34 -39 -40 -36 -34 -31 -30 -32 -45 -42
DST2409*19PPX120   0 -57 -65 -55 -47 -49 -52 -49 -42 -37 -36 -30 -28 -37 -46 -51 -43 -45 -44 -45 -45 -41 -39 -39 -36 -44
DST2409*20PPX120   0 -33 -30 -28 -27 -25 -21 -17 -16 -17 -16 -10  -9  -6  -6  -9 -13 -15 -16 -19 -15 -15 -16 -16 -15 -17
DST2409*21PPX120   0 -12 -10 -12 -13 -11 -10 -10 -12  -5  -1  -1   0  -1  -1  -2  -4  -4  -4  -6  -3  -6  -4  -2  -2  -6
DST2409*22PPX120   0   0  -3  -3  -1   0   0   2   3   1   3   0   1   2   3   3   0   0  -1   1   5   7  12  14  11   3
DST2409*23PPX120   0   7   4   3   4   4   4   4   4   2   2  -2   5  15  14   1  -9 -15 -23 -18 -11  -7  -6  -2   2  -1
DST2409*24PPX120   0  15  19  17  16   6   5   3   2  -2 -20 -34 -38 -37 -35 -33 -28 -25 -22 -22 -19 -22 -15  -3 -12 -12
DST2409*25PPX120   0 -18 -14 -16 -17 -38 -53 -42 -44 -49 -47 -38 -32 -28 -33 -33 -32 -37 -36 -42 -45 -51 -48 -41 -42 -37
DST2409*26PPX120   0 -30 -24 -28 -38 -43 -36 -34 -28 -27 -27 -32 -37 -31 -21 -26 -32 -31 -35 -32 -24 -19 -13  -7  -8 -28
DST2409*27PPX120   0 -11 -14 -13 -14 -18 -20 -27 -33 -38 -38 -36 -37 -39 -31 -25 -23 -20 -20 -19 -13 -10  -8  -6  -6 -22
DST2409*28PPX120   0  -6  -9 -10 -10 -12 -10  -7  -2   0  -1  -6 -14 -18 -15 -10 -11 -14 -20 -18 -18 -16 -16  -5   1 -10
DST2409*29PPX120   0  -5  -9  -9 -13 -11  -8 -12 -19 -22 -18 -13 -12  -5   6   7   0   0  -6  -9  -7  -3 -10  -6  -1  -8
DST2409*30PPX120   0  -6 -20 -25 -21 -22 -22 -21 -18 -14 -13  -6  -6  -7  -3  -2   0  -2  -7  -9 -11 -11 -12 -16 -11 -12

[Created at Tue Jan 28 05:48:07 UTC 2025]
