DST2402*01PPX120   0  -8  -9  -7  -4  -2   1  10  13  13   3  -5  -3  -1   0  -3  -7  -6  -9  -6  -5  -6  -5  -2  -4  -2
DST2402*02PPX120   0  -6  -7  -7  -4  -3  -4  -5  -3   0  -1  -4  -5  -4  -4  -3  -2  -2  -2   0   1   2   3   3   3  -2
DST2402*03PPX120   0   3   1   0  -3  -1  -1  -1  -2  -1   0   0   2   3   5   4   2   2   0   3   5   7   9  10  10   2
DST2402*04PPX120   0   9   7   7   8   9   9   6   7   9   9  13  12   6   5   6   7  11  11   3   1  -2  -3  -3   2   6
DST2402*05PPX120   0   5   6   6   3   2   2   3   7   6  10  13  13  10  11  14  14  14   9   2   4   8  11  13  11   8
DST2402*06PPX120   0   7  11  11   3   2  -1   1   8  12   9   6   8   5   3   2   1   0  -7 -12  -9  -9  -4   0   4   2
DST2402*07PPX120   0   4   0  -4  -5  -5  -3  -1   4   4   1   3   5   2   0  -1   2   1  -2   0   2   2   1   3   3   1
DST2402*08PPX120   0   3  -1   0   0  -1  -1   1   2   2  -1   1  -1  -4  -7 -10  -7  -5  -7  -6  -4   1   3   8   8  -1
DST2402*09PPX120   0   7   5   2  -3  -4  -4  -1   0  -4  -5  -4  -5  -6  -9  -5  -2   0   2   6   8  11  19  20  13   2
DST2402*10PPX120   0  20  21  14  12  16  17  16  22  17  12   7   5   5   5   7  10  11  10   9  11  13  12  12  14  12
DST2402*11PPX120   0  20  20  33  13   1  -3 -10  -9  -6 -14 -21 -20 -14 -10 -15 -16 -15 -16 -13 -13 -14 -14 -15 -13  -7
DST2402*12PPX120   0 -15 -15 -14 -10  -4  -2  -4  -4  -2  -3  -4  -5  -4  -2  -1   0   1   1   0   0  -1  -1   0   2  -4
DST2402*13PPX120   0   3   0   3   6   4   4   5   8   4   0   1  -3  -7  -7 -11 -17 -18 -15 -16 -15 -12 -10 -14 -12  -5
DST2402*14PPX120   0 -10 -14 -16 -20 -20 -12 -13 -16 -18 -16 -13 -12 -10  -8  -8  -7  -5  -5  -4  -5  -5  -7  -8  -2 -11
DST2402*15PPX120   0  -2   0   4   3   2   2   3   1   1   2   3   3   1   0   0   0   3   4   2   0  -2  -3  -3  -6   1
DST2402*16PPX120   0  -8 -10 -13 -13 -11  -9  -5  -1   4   6   9  13  14  14  15   9   9   9  12  13  12   8   5   5   4
DST2402*17PPX120   0   4   1  -3  -6  -2   1   2   2   4   3  -1  -5  -4  -3  -4  -3  -3  -4  -4  -5  -4  -8 -12 -15  -3
DST2402*18PPX120   0 -21 -24 -26 -23 -20 -19 -17 -13 -12 -14 -11 -12 -11  -7  -6  -6  -8 -10 -12 -13 -11  -8  -6  -5 -13
DST2402*19PPX120   0  -3  -4  -6  -4  -1  -1  -2  -2  -6  -8  -7  -5  -4  -1  -1  -1  -2  -4  -6  -4  -1  -2   0   3  -3
DST2402*20PPX120   0   4   3   6   7   6   4   2   0  -5  -8  -6  -8 -10  -9 -14 -18 -17 -14  -8  -7 -11  -8  -9  -5  -5
DST2402*21PPX120   0  -3   0   2   3   4   4   5   7   4   3   1   1   5   6   8  10   8   3   3   0   0  -1   1   2   3
DST2402*22PPX120   0   5   3  -1   1   0   3   3  -2  -4  -1  -6  -8  -4  -2  -2  -1  -2  -6 -10 -13 -14 -12  -9  -5  -4
DST2402*23PPX120   0   0   2   2   3   2   2   3   5   5   7   9   7   6   3   3   5   5   6   7   6   3   1   1  -1   4
DST2402*24PPX120   0  -1   1   2   5   7   7   7   5   3   0  -6  -6  -3  -3   0   3   3  11  14  11   3 -13  -9 -10   1
DST2402*25PPX120   0  -7  -9 -13 -12 -13 -13 -12 -14 -20 -27 -27 -23 -12  -9 -15 -15 -12  -5   2   2  -1 -12  -4  -4 -11
DST2402*26PPX120   0  -3 -11 -14 -17 -13 -10 -17 -16 -18 -18 -14 -11  -8  -1   2  -1   1  -1  -1  -3  -6  -8  -5  -5  -8
DST2402*27PPX120   0 -15 -25 -21 -16 -11 -10 -19 -17 -16 -19 -19 -18 -15 -13 -11 -14 -13 -13 -11 -10 -12 -14 -11  -7 -15
DST2402*28PPX120   0  -3  -4  -4  -5  -6 -10 -11  -9  -7 -10 -17 -18 -15 -11 -12 -12 -10  -9  -7  -5  -8 -10  -9  -7  -9
DST2402*29PPX120   0  -2   0  -1  -1   1  -1  -1   0  -1   1   1  -1  -1  -4  -4  -4  -1   0  -2  -3  -4  -4  -2   0  -1

[Created at Wed Oct 16 04:05:45 UTC 2024]
