DST2407*01PPX120   0 -27 -27 -27 -26 -28 -28 -25 -20 -18 -22 -22 -21 -26 -30 -28 -23 -22 -19 -16 -15 -13 -11 -11 -14 -22
DST2407*02PPX120   0 -15 -14 -15 -20 -20 -19 -17 -15 -13 -12 -11 -10 -11 -12 -13 -14 -14 -16 -14 -12 -10  -6  -5  -5 -13
DST2407*03PPX120   0 -11 -16 -19 -19 -16 -17 -17 -13 -13 -10  -9 -11 -11  -9  -9  -9  -7  -6  -3   0   2   3  10  12  -8
DST2407*04PPX120   0  13  12   7   1  -1  -2  -1   3  -2   2   6   7   0  -8 -11  -9  -4   2   7   8   6   9   8   4   2
DST2407*05PPX120   0   2   2   4   4   0  -5  -9  -9  -7  -4  -3   3  13   9  11   1  -3  -7  -9  -5  -4  -5  -7  -9  -2
DST2407*06PPX120   0  -7  -9  -8  -7  -5  -4  -5  -5  -1   0   1  -1  -1   0   2   2   2   3   3   6   4   3   1   0  -1
DST2407*07PPX120   0   3   0   2   5   5   6   1  -2  -5  -4  -1   1   1   3   4   2   4   2   3   6   5   3  -2  -8   1
DST2407*08PPX120   0  -7  -6  -9 -14 -13  -8  -7   0   5   3   2  -3   4   8  11   3  -1  -3  -3  -3   0   2   5   7  -1
DST2407*09PPX120   0   4   4   5   4   3   0   0   2   4   2   1   2   2   1   3   6   6   5   5   3   3   7  10   6   4
DST2407*10PPX120   0   1  -2  -3  -1   0   0   3   6   7   5   4   2  -3  -6  -7  -7  -5  -2   0   4   7   6   3   0   1
DST2407*11PPX120   0  -7  -6  -3   1   0  -2  -5  -3   0   1   0   4   6   6   6   5   6   6   5   5   3   4   3   3   2
DST2407*12PPX120   0  -2  -6  -4  -5  -4   3   1  -2  -2  -3  -6  -4  -6  -7  -6  -3  -2  -1  -2   1  -3  -4  -1  -1  -3
DST2407*13PPX120   0  -4  -3   2   6   7   6   4   5   6   6   4   4   2   0   1   0   2   4   5   4   6   7  10   9   4
DST2407*14PPX120   0   4  -2  -4  -1   3   6   8   8  10  13  12  15  18  18  19  17  15  12  14  13  10  12  12  15  10
DST2407*15PPX120   0  11   4   2   4   5   5   5   8   7  11  11  10  12  15  18  19  19  12   7   7   6  11  16  12  10
DST2407*16PPX120   0   2  -9 -13 -13  -3  -1  -1   6  12  10  12  15  14  15  15  15  12  20  18  13  12  15  10   8   8
DST2407*17PPX120   0   5   1  -1  -1  -1   0  -1   5   9   7   6   3   2   3   3   4   2   1  -3  -3   0   1   1   1   2
DST2407*18PPX120   0   0   0   1   1   1   0   2   3   1   0   0   2   5   5   4   4   5   6   7   4   3   3   2   1   3
DST2407*19PPX120   0   1   4   5   6   7  10  11  10   8   7   8   8  10  11  12  15  13   8   5   4   2   2   3   2   7
DST2407*20PPX120   0   1   2   7   8  11  10  16  14  11   9   7   8   8   9   9   3  -2  -4  -3   0   2   8  10   9   6
DST2407*21PPX120   0   6   2   4  10  13  13  12  13  14  15  11  11  11  15  13  11   6   7   4   1  -1   2   3   2   8
DST2407*22PPX120   0  -3  -6  -5  -7  -8 -12 -13 -13 -17 -17 -18  -7 -10 -13 -15 -19 -21 -19 -18 -21 -22 -20 -20 -18 -14
DST2407*23PPX120   0 -17 -15 -11  -8  -7  -5  -3   1   5   7   7   5   3  -1  -3  -7  -5  -4  -2   1  14  26  28  26   1
DST2407*24PPX120   0  28  24  23  23  22  20  24  23  23  19  18  20  21  22  22  20  19  16  13  14  11   7   8   8  19
DST2407*25PPX120   0   5   2   2   8  13  11  14  15  14  13  15  16  16  19  23  18  11  11  10  11  19  22  16  12  13
DST2407*26PPX120   0   9  -4 -21 -15  -6 -26 -48 -50 -36 -31 -25 -21 -24 -18 -22 -35 -42 -38 -32 -30 -24 -24 -27 -30 -26
DST2407*27PPX120   0 -31 -25 -22 -20 -16  -9  -7  -7 -13 -23 -31 -19 -14 -15 -23 -26 -24 -25 -24 -24 -24 -21 -21 -22 -20
DST2407*28PPX120   0 -23 -24 -21 -16 -13 -11  -6  -4  -7 -10  -7  -3  -2  -3  -1   0  -3  -7  -5  -4  -4  -6 -10 -12  -8
DST2407*29PPX120   0 -14 -17 -20 -18 -16 -12 -10  -4  -2  -4  -8  -8  -4   2   5   4   2   1  -3  -5  -6  -2  -1   0  -6
DST2407*30PPX120   0  20  27  23   3  -7  -3 -14 -15 -20 -28 -25 -31 -18 -21 -18 -17 -24 -21 -20 -19 -19 -20 -20 -23 -13
DST2407*31PPX120   0 -21 -21 -15 -13 -12 -10 -14 -14 -13 -12 -12 -11  -5  -1   9  19  10   6   9  -3 -20 -25 -16 -11  -8

[Created at Tue Jan 28 05:47:57 UTC 2025]
