DST2406*01PPX120   0 -25 -21 -21 -22 -22 -19 -18 -17 -16 -13 -13 -11 -11 -10 -10 -11 -12 -11 -10 -12 -10 -12 -10  -9 -14
DST2406*02PPX120   0  -8  -8  -8  -4  -5  -4  -2  -3  -1  -1  -2  -3   0   2   3   3   8   8   7   3   2   1  -1  -4  -1
DST2406*03PPX120   0  -2   0   1  -2   0   0   1   0  -6  -7  -7  -8  -8  -8  -7  -6  -5  -4  -2   1   4   2   5 -12  -3
DST2406*04PPX120   0  -8  -6  -2   0  -6  -7 -14 -12 -18 -23 -22 -19 -15 -16 -20 -18 -17 -17 -20 -19 -16 -15 -14 -13 -14
DST2406*05PPX120   0 -12 -14 -15 -14  -8   0  -4 -10  -8  -3   0   8  12  13   6  -1  -5  -7  -9 -12 -11 -15 -18 -17  -6
DST2406*06PPX120   0 -14 -11 -12 -14 -20 -22 -18 -15 -18 -23 -22 -19 -16 -13 -10 -12 -12 -13 -12 -10  -7  -9 -10 -10 -14
DST2406*07PPX120   0 -12 -11 -11 -15 -12 -12 -14 -13 -19 -22 -26 -21 -14 -11 -19  -9  -7 -12 -13 -15  -9 -13 -19 -29 -15
DST2406*08PPX120   0 -34 -29 -25 -29 -22 -15 -20 -19 -19 -18 -16 -21 -23 -23 -24 -18 -16 -22 -22 -22 -18 -17 -17 -16 -21
DST2406*09PPX120   0 -15 -15 -15 -15 -14 -13 -12 -12 -13  -9  -9  -8  -8 -12 -17 -16 -14 -13 -16 -20 -18 -16 -16 -16 -14
DST2406*10PPX120   0 -14 -12  -9  -6  -4  -2  -1  -3  -5  -7  -4   0   3   5   9   8   7  18  18   8  -1  -1  -1  -1   0
DST2406*11PPX120   0  -8 -27 -35 -43 -44 -37 -30 -25 -23 -18 -14 -13 -13 -13 -11 -11 -10  -6  -4  -5  -6  -5  -3   1 -17
DST2406*12PPX120   0   1  -1  -3  -6  -2  -1  -2  -2  -2  -4  -6  -6  -7  -9 -10  -9  -8  -9 -12 -11  -9  -5  -4   0  -5
DST2406*13PPX120   0   1   0  -4  -8  -9  -8  -5  -3  -2   0   1   0   0   0   2   2   3   2   2   3   0  -4  -6  -6  -2
DST2406*14PPX120   0  -5  -2   1   3   3   2  -4 -12 -14  -9  -5  -6  -6  -5  -6  -8  -5  -4  -5  -9 -12 -12 -12 -12  -6
DST2406*15PPX120   0 -15 -18 -16 -10  -7 -14 -17 -12 -13 -13 -15 -13  -1 -20 -16  -7 -14 -13 -18 -15 -13 -11 -21 -31 -14
DST2406*16PPX120   0 -24 -18 -17 -18 -17 -19 -15 -23 -29 -24 -18 -32 -39 -31 -13 -11 -12  -9 -22 -27 -26 -22 -20 -18 -21
DST2406*17PPX120   0 -13 -12 -15 -16 -20 -13  -8  -8  -4  -1  -2  -4  -4  -3   0  -3   2   5   0  -2  -9 -17 -16 -14  -7
DST2406*18PPX120   0 -14  -5  -4  -6  -6  -5 -12 -12 -18 -16  -8  -7  -6  -7 -11 -15 -14 -15 -14 -13 -13 -10  -7  -2 -10
DST2406*19PPX120   0  -1   0  -6  -6 -15 -15 -12 -14 -14  -8  -2   0   0   0  -2  -7  -8 -12 -15 -15 -12 -11 -10  -8  -8
DST2406*20PPX120   0  -6  -9  -8  -8  -9  -4  -2  -3  -6  -5  -5  -6  -6  -4  -4  -7  -7  -8 -12 -15 -14 -12 -10 -12  -8
DST2406*21PPX120   0 -10  -1  -1  -3  -2  -2  -2   0   1   2   2   1  -1  -1  -3  -3  -3  -1   0   1  -1   0   3   4  -1
DST2406*22PPX120   0   5   4   6   8   4   1   1   3   3   3   3   5   8  11  11  14  13  12  15  15  17  17  14  12   9
DST2406*23PPX120   0  11   7  10  17  16  16  16  18  10   3  -5  -9  -4   0  -3  -5  -2  -3  -8  -9 -10 -11 -12 -10   1
DST2406*24PPX120   0 -10 -10  -8  -6  -5  -1   1   1  -1   1   5   6   6   7   7   6   5   6   5   4   2  -2  -2  -2   1
DST2406*25PPX120   0  -1  -4  -6  -8  -5  -4  -8 -11 -11 -14 -16 -16 -12  -7  -7  -6  -9  -8  -8  -7  -5  -2  -4  -2  -8
DST2406*26PPX120   0  -4  -4  -4   1   6   9  11   9  -2  -3 -15 -19 -19 -11 -10 -13  -9  -7  -8  -7  -7  -5   0   0  -5
DST2406*27PPX120   0  -3  -2   4   3   5   9  10  11  11  12  13  11  15  20  16  17  21  21  16   9   6   0 -13 -22   8
DST2406*28PPX120   0 -28 -37 -39 -41 -46 -63 -78 -79 -79 -77 -64 -76-107 -85 -68 -52 -51 -68 -61 -73 -72 -67 -71 -67 -65
DST2406*29PPX120   0 -64 -64 -61 -59 -55 -51 -51 -51 -51 -51 -51 -46 -41 -38 -37 -36 -32 -35 -41 -34 -24 -27 -31 -24 -44
DST2406*30PPX120   0 -16 -16 -23 -26 -25 -22 -23 -25 -26 -24 -25 -25 -21 -21 -21 -28 -34 -35 -34 -30 -28 -27 -27 -25 -25

[Created at Tue Jan 28 05:47:51 UTC 2025]
