DST2404*01PPX120   0  -4  -5  -9 -10 -17 -19 -22 -33 -30 -26 -23 -20 -17 -18 -16 -11  -9 -10 -14 -12 -12  -9  -7  -7 -15
DST2404*02PPX120   0  -9 -13 -16 -21 -18 -18 -17 -13 -10  -7 -10 -14  -9  -3  -4  -7  -8  -9 -11 -12  -9  -4  -2   0 -10
DST2404*03PPX120   0  -1  -8 -10  -9 -11 -10 -12  -9  -9  -8  -8  -6  -2  -1  -5 -11 -11 -10  -8  -9  -7  -2   1   3  -7
DST2404*04PPX120   0   3   3   3   2   6  13  18  17  12  11  11   4  -4 -12 -15 -18 -18 -21 -13 -13 -12 -13 -16 -18  -3
DST2404*05PPX120   0 -15 -14 -12 -15 -19 -12 -12 -12 -15 -19 -18 -16 -13 -16 -17 -19 -22 -18 -16 -20 -19 -18 -23 -23 -17
DST2404*06PPX120   0 -19 -18 -19 -20 -19 -20 -25 -27 -22 -13 -14 -15 -14 -13 -13 -15 -16 -17 -20 -21 -19 -13 -11 -11 -17
DST2404*07PPX120   0  -9  -6  -5  -8  -8  -7  -8  -7  -5  -1  -1   1   0  -3  -4  -9 -13 -17 -17 -21 -21 -20 -20 -18  -9
DST2404*08PPX120   0 -17 -13  -8  -8  -6 -10 -21 -23 -16  -8 -13 -15 -13 -12 -11 -12 -13 -14 -14 -14 -14 -11  -9  -6 -13
DST2404*09PPX120   0  -2   1   0  -3   0   3  -1 -13 -18 -12  -8 -10 -11 -10  -5  -5  -7  -7  -6  -9  -9  -5 -10 -17  -7
DST2404*10PPX120   0  -9  -7  -5  -8  -4  -6  -6  -3  -2  -1   0  -2  -1  -1  -3  -4  -3  -4  -3  -6  -5  -3  -2  -1  -4
DST2404*11PPX120   0  -1  -1  -1  -2   1   3   0   1   3   5   8   8   9   8   5   5   4   2   1   1   1   4   6   7   3
DST2404*12PPX120   0   2  -1   0  -1   1   2   4   1   2   4   4   4   5   5   4   6   6   7   7   8   9  11   9   9   5
DST2404*13PPX120   0   8   7   5   4   3   5   2   4   7   8   9  11  12  10   5   3   5   6   7   7  11  10   8   6   7
DST2404*14PPX120   0  10  12  12  13  13  12  13  16  18  18  21  16  14  15  17  17  17  15  15  14  10   5   2   1  13
DST2404*15PPX120   0   6   6   5   2   0   0   4   7   7   7   8  10  13  14  12  10  11   3   1  -2 -12 -16 -10 -11   3
DST2404*16PPX120   0 -25 -29 -26 -22 -28 -32 -34 -28 -28 -32 -43 -55 -51 -42 -35 -41 -45 -55 -54 -57 -61 -65 -59 -59 -42
DST2404*17PPX120   0 -49 -39 -36 -29 -25 -22 -19 -14 -15 -15 -24 -27 -26 -28 -31 -36 -40 -41 -36 -31 -25 -19 -16 -13 -27
DST2404*18PPX120   0 -11 -13 -12 -10  -5  -4  -4  -2  -1  -3  -5  -4  -3  -1   0  -3  -3  -2   0   0   1   2   8   9  -3
DST2404*19PPX120   0  10   8   3   3   1   1   8 -10 -26 -31 -42 -37 -33 -37 -44 -55 -69 -88-103-117-100 -99 -92 -83 -43
DST2404*20PPX120   0 -68 -63 -66 -68 -66 -67 -65 -59 -55 -59 -53 -49 -49 -49 -53 -53 -50 -48 -49 -49 -47 -48 -45 -43 -55
DST2404*21PPX120   0 -39 -38 -41 -49 -44 -39 -44 -48 -55 -49 -39 -45 -46 -47 -53 -57 -53 -49 -50 -59 -65 -61 -58 -52 -49
DST2404*22PPX120   0 -46 -44 -39 -36 -32 -36 -39 -37 -26 -24 -26 -27 -26 -27 -25 -26 -25 -25 -23 -23 -25 -24 -23 -19 -29
DST2404*23PPX120   0 -18 -18 -18 -20 -18 -18 -20 -24 -20 -25 -30 -26 -23 -21 -18 -16 -12 -13 -13 -20 -21 -22 -24 -26 -20
DST2404*24PPX120   0 -19 -13 -12 -14 -13 -13 -13 -10  -9  -6  -4  -5  -7  -7  -5  -2  -1  -2  -5  -7  -7  -6  -4  -3  -8
DST2404*25PPX120   0  -5  -4  -2   0   2   2  -1  -1   2   3   4   5   6   4   0  -3  -4  -2  -2   0  -3  -5  -6  -7  -1
DST2404*26PPX120   0  -9  -8  -3  -2 -11 -18 -22 -24 -25 -27 -28 -31 -32 -32 -38 -41 -51 -48 -40 -38 -40 -39 -39 -42 -29
DST2404*27PPX120   0 -36 -28 -23 -24 -21 -23 -26 -21 -15 -13 -10  -9  -6 -11 -23 -18  -5  -6  -7 -10 -23 -35 -39 -38 -20
DST2404*28PPX120   0 -33 -39 -34 -32 -25 -22 -25 -20 -11  -9  -9  -9  -7  -8 -10  -8  -4  -3  -3  -3  -3  -5  -3  -1 -14
DST2404*29PPX120   0  -1  -3  -1  -3  -4  -7 -10  -4   2   3   4   5   4   3   1   1   2   1   6  14  14  13  11   5   2
DST2404*30PPX120   0  12  14  10   9   7   1   0   2   5   6   7   7  19  33  34  25  11  -2 -10  -9  -6  -7  -7 -17   6

[Created at Wed Oct 16 04:06:01 UTC 2024]
