DST2410*01PPX120   0  -4  -4  -4  -4  -5  -6   1   6   6   5   4   4   3   2   5   6   3   3   1   3   8   9   8   8   2
DST2410*02PPX120   0   9  10   9   9  15  21  14  14  14  11  11  12  12  13  15  18  15  13  15  15  13  11  12  13  13
DST2410*03PPX120   0  18  22  21  23  23  21  22  23  23  25  21  17  14   5  -1   4  11  13  13   9   6   8  11  13  15
DST2410*04PPX120   0  16  17  17  17  16  19  22  22  22  21  20  20  20  19  18  12  15  14   4   3   3  -4  -4  -3  14
DST2410*05PPX120   0   2   6   9  10  11  14  15  14  15  17  12  13  13  15  17  21  21  16  12  10   5  10   8   7  12
DST2410*06PPX120   0  11   9  13  15  16  17  20  27  38  38  35  31  33  34  32  36  33  26  26  18  18  -2 -11 -33  20
DST2410*07PPX120   0 -25 -33 -29 -24 -23 -27 -22 -12 -13  -8  -9 -23 -47 -35 -28 -33 -41 -58 -71 -71 -96 -82 -69 -73 -40
DST2410*08PPX120   0 -95-107-106-116-135-136-136-148-136-104 -98-100 -98 -82 -75 -72 -72 -68 -63 -66 -60 -53 -54 -66 -94
DST2410*09PPX120   0 -75 -77 -70 -66 -76 -83 -66 -56 -59 -57 -56 -57 -52 -53 -51 -52 -46 -40 -36 -34 -33 -35 -34 -32 -54
DST2410*10PPX120   0 -32 -32 -32 -32 -30 -24 -18 -14 -12  -9 -11  -9  -6 -12 -13  47  11 -50-112-176-201-220-243-303 -64
DST2410*11PPX120   0-309-333-296-283-276-270-270-261-244-259-224-209-189-179-169-146-134-118-109-102 -98 -94 -90 -74-197
DST2410*12PPX120   0 -68 -71 -72 -77 -76 -74 -66 -70 -67 -63 -67 -75 -55 -55 -55 -64 -62 -55 -52 -45 -40 -42 -44 -41 -61
DST2410*13PPX120   0 -39 -38 -36 -36 -36 -35 -32 -31 -29 -26 -25 -27 -26 -29 -33 -35 -34 -32 -26 -22 -24 -23 -18 -14 -29
DST2410*14PPX120   0 -12  -9  -9 -16 -19 -20 -17 -18 -12  -9 -11 -11 -10 -10 -13 -11 -12 -12  -5  -9 -13 -14 -18 -20 -13
DST2410*15PPX120   0 -26 -31 -29 -34 -31 -29 -28 -34 -31 -32 -28 -19 -14 -16 -15 -15 -19 -22 -31 -28 -24 -20 -16 -17 -25
DST2410*16PPX120   0 -14 -16 -13 -18 -22 -18 -22 -26 -19 -24 -21 -14 -12 -10 -14 -13 -15 -23 -24 -21 -22 -24 -21 -17 -18
DST2410*17PPX120   0 -15 -19 -20 -21 -20 -28 -24 -15 -13  -9  -9  -6  -6  -6  -5  -7  -8  -8  -8  -9  -9  -8  -9 -14 -12
DST2410*18PPX120   0 -15 -21 -25 -23 -19 -20 -13  -9  -5  -2  -5  -2   0   3   2  -1  -6 -21 -20 -12  -5 -13 -15 -10 -11
DST2410*19PPX120   0 -25 -29 -30 -39 -41 -47 -41 -39 -34 -31 -30 -21 -15 -18 -24 -24 -25 -30 -29 -25 -34 -37 -30 -25 -30
DST2410*20PPX120   0 -21 -24 -23 -21 -18 -16  -9  -5  -3  -1  -1   2   3   4   2   2   4   1   0  -1   0  -1   1   4  -5
DST2410*21PPX120   0   5   2   3   2   1   2   3   3   0  -2  -3   1   4   7   8  10  14  15  12   7   6  10   8   3   5
DST2410*22PPX120   0  -2  -6  -5  -1  -3  -7  -7  -9 -11  -5  -1   1  -2 -10 -15 -18 -24 -29 -28 -29 -28 -22 -13  -8 -12
DST2410*23PPX120   0  -3  -2   5   2  -3   5  10   8  10  13  11   2   1   3   5   6   4  -1  -4  -1  -1  -1   0   0   3
DST2410*24PPX120   0   2   1  -3 -12 -14 -17 -23 -24 -24 -23 -21 -13  -8  -3  -3  -3  -1  -1  -7  -8  -9 -10  -3   1  -9
DST2410*25PPX120   0   3   3   4   6   6   6  10  12  13  13  14  16  15  16  16  16  15  14  12  13  14  15  15  10  12
DST2410*26PPX120   0  12  15  19  16  14  14  18  21  21  25  24  21  24  26  20  19  30  25  20  14  -2  -6   9   3  17
DST2410*27PPX120   0   0   5   8  10   9   7   9   9   5   4   1   2   4   0  -2  -7 -11 -19 -19 -17 -20 -17 -11  -8  -2
DST2410*28PPX120   0  -4  -6  -4  -5  -4  27  27   9   3   6   0   0   8  11   6   4   6   3  -4  -4  -1  -1   2   3   3
DST2410*29PPX120   0   3   4   1   4   4   2   3   1   0   3  -2  -3   3   7   5   4   8   1   0  -3 -13 -15  -8  -5   0
DST2410*30PPX120   0 -12 -22 -20 -15 -19 -24 -20 -18 -16 -29 -24 -14 -19 -16 -16 -14 -14 -14 -13  -8  -4   2   8   9 -14
DST2410*31PPX120   0   9   9   8   2   1   4   8   8   5   4   1   4   5   5   3   2   0   0  -5  -1   5   1 -10 -15   2

[Created at Tue Jan 28 05:48:13 UTC 2025]
