DST2502*01PPX120   0  22  15  -5  -5  -4  -2  -8 -14 -19 -14  -4   0  -4   5   3 -20 -22 -19 -20 -17 -25 -23 -29 -26 -10
DST2502*02PPX120   0 -21 -19 -16 -17 -16 -20 -21 -16 -20 -27 -33 -22 -18 -20 -25 -19 -21 -24 -24 -22 -22 -20 -21 -18 -21
DST2502*03PPX120   0 -16 -12  -8  -8  -8  -9  -9  -8  -9 -10  -9  -9  -8  -7  -7  -6  -3  -5  -6  -6  -6  -5  -4  -3  -8
DST2502*04PPX120   0   4   2   3   6   6   4   5   4   3   1   2   4   6   6   6   7   6   4   3   0   2   2   6   9   4
DST2502*05PPX120   0   9   9  11   8   9  11  11  12  13  13  18  22  25  25  15  10   7   9   7   3   2   4   6   4  11
DST2502*06PPX120   0   4   6  12  12   4   4   9   9  10  12  11  13   6  -6  -8  -7 -10 -14 -17 -14 -13 -11  -7  -3   0
DST2502*07PPX120   0  -1  -2  -1  -1  -2   0   3   1   3   8  10  12  10  11  10   5   6   8   9   9   7   5   4   8   5
DST2502*08PPX120   0  13  14  15  13  11   6  -3  -7  -7  -3   5   3 -12 -21 -27 -26 -23 -21 -20 -13  -8  -5   4   5  -4
DST2502*09PPX120   0  12  19  22  26  23  22  25  18  17  23  24  29  28  33  20   7 -13 -21 -21 -16 -36 -32 -31 -24   6
DST2502*10PPX120   0 -23 -30 -36 -35 -31 -32 -34 -38 -34 -44 -42 -27 -22 -21 -24 -25 -26 -19 -19 -22 -26 -30 -29 -22 -29
DST2502*11PPX120   0 -14 -16 -16 -14 -16 -20 -19 -17 -32 -36 -39 -32 -19 -14 -17 -23 -18 -15 -22 -17 -12 -15 -14 -11 -20
DST2502*12PPX120   0  -5  -7 -14 -14 -11  -7  -8  -8 -18 -22 -13 -11  -9  -7 -11 -17 -13  -7  -6 -12 -14 -15  -8  -7 -11
DST2502*13PPX120   0  -4  -6 -13 -19 -18 -19 -26 -31 -27 -23 -42 -29 -21 -23 -18 -19 -19 -20 -21 -19 -18 -22 -20 -22 -21
DST2502*14PPX120   0 -21 -19 -22 -19 -20 -24 -25 -26 -27 -30 -36 -27 -14 -14 -26 -24 -22 -18 -28 -34 -31 -25 -22 -18 -24
DST2502*15PPX120   0 -18 -18 -13 -13 -12 -10 -10 -17 -30 -27 -33 -31 -23 -14 -12 -20 -32 -41 -35 -37 -35 -40 -32 -20 -24
DST2502*16PPX120   0 -18 -18 -16 -14 -10 -13 -16 -24 -22 -16 -25 -27 -23 -19 -19 -20 -25 -29 -28 -21 -29 -35 -32 -29 -22
DST2502*17PPX120   0 -23 -24 -19 -15 -13 -13 -16 -13 -12 -15 -15 -16 -14 -10 -14 -15 -26 -28 -24 -21 -19 -21 -26 -30 -18
DST2502*18PPX120   0 -26 -19  -9 -14 -14 -19 -18 -11 -10  -8  -7  -6  -8  -5  -2  -4  -5  -9 -10  -9  -6  -7 -19 -28 -11
DST2502*19PPX120   0 -36 -36 -29 -30 -29 -30 -41 -45 -39 -27 -23 -25 -24 -21 -17 -12 -13 -17 -18 -19 -19 -19 -26 -29 -26
DST2502*20PPX120   0 -29 -26 -26 -26 -28 -27 -26 -23 -21 -17 -14 -12 -10 -10  -9  -9  -8  -8  -8  -6  -4  -2   1  -1 -15
DST2502*21PPX120   0  -8 -13 -12 -11  -9  -7  -7  -6  -6  -5  -3  -1   0   0   0  -2  -4  -4  -3  -3  -3  -3  -1  -2  -5
DST2502*22PPX120   0  -8  -6  -7  -4  -1   2   4   7  10   8   1  -3  -3  -5  -2   2   5   9  10  11  15  17  15  11   4
DST2502*23PPX120   0   8   9   8   5  -1  -1   0   3   3   2   1   2   8  12  13  16  16  16  14  13  15  19  24  17   9
DST2502*24PPX120   0   4  12  18  18  17  16  17  19  21  26  18  10  12  13   8  14  16  17   8 -21 -35 -32 -20 -14   7
DST2502*25PPX120   0 -11  -5  -5  -8  -7  -4   0   0   0   0  -2  -4  -2   1   4   3   5 -14 -13   6   0 -18 -16 -26  -5
DST2502*26PPX120   0 -20 -17 -20 -24 -18 -12  -6 -13 -15  -9 -11 -11   0   9   6   4   2  -3 -10 -13 -12  -7  -1   3  -8
DST2502*27PPX120   0  -8 -18 -21 -17 -17 -19 -19 -28 -17 -11 -16 -24 -29 -24 -20 -22 -26 -22 -20 -22 -30 -26 -17 -14 -20
DST2502*28PPX120   0 -34 -32 -26 -30 -39 -26 -28 -29 -24 -20 -20 -23 -28 -23 -25 -26 -31 -22 -20 -22 -21 -23 -21 -18 -25

[Created at Thu Oct 2 01:06:23 UTC 2025]
