DST2503*01PPX120   0 -14 -15 -13 -18 -24 -22 -20 -15 -16 -22 -25 -23 -21 -24 -25 -22 -19 -18 -17 -19 -19 -20 -19 -15 -19
DST2503*02PPX120   0 -13 -15 -16 -16 -15 -15 -14 -16 -12  -7  -3  -1   0  -1  -1   2   4   3   3   2  -1   2   4   6  -5
DST2503*03PPX120   0   6   8   4   3   2   0   4   7   6   8  11  10   8   7   5   4   4   6   8  12  13  14  13  13   7
DST2503*04PPX120   0  15  12   6   4   5  -1  -1   6   8   6  11   9   7   6   5   3   7   9  11  10   5  -3 -12 -23   4
DST2503*05PPX120   0 -16 -12 -27 -28 -24 -23 -21 -17 -11  -2  -5  -1  -2  -1  -1   0  -1   2   5   2  -3   0   1   3  -8
DST2503*06PPX120   0   6   7   0   0   0  -4  -6  -2   1   3  11  11   8   5   5   5   6   6   4   3   1   6  10  11   4
DST2503*07PPX120   0  12  13  12   8  -3  -2  -2  -1  -4  -7   3   5   7   5   4   2   3  -6  -3   1   4   6   7   6   3
DST2503*08PPX120   0  10  12  18  21  17  17   7  -3 -10 -17 -12  -4  -7 -11 -10   7  10   4  -6 -16 -25 -33 -27 -30  -4
DST2503*09PPX120   0 -33 -28 -37 -50 -39 -37 -40 -39 -39 -37 -40 -42 -37 -37 -41 -38 -35 -27 -24 -25 -33 -30 -32 -34 -36
DST2503*10PPX120   0 -28 -24 -24 -23 -22 -22 -23 -19 -17 -14  -8 -15 -24 -22 -17 -15  -9  -8 -10 -11 -13 -16 -18 -19 -18
DST2503*11PPX120   0 -13 -10 -14 -14 -14 -15 -18 -14 -13 -16 -19 -16 -11 -11 -16 -16 -15 -12  -9  -6  -8  -9  -9 -15 -13
DST2503*12PPX120   0 -21 -22 -22 -28 -37 -35 -36 -30 -21 -23 -30 -44 -51 -43 -45 -48 -46 -37 -54 -61 -62 -57 -48 -56 -40
DST2503*13PPX120   0 -62 -54 -43 -46 -56 -52 -47 -54 -59 -66 -50 -55 -53 -53 -45 -43 -39 -37 -35 -42 -47 -44 -37 -46 -49
DST2503*14PPX120   0 -43 -37 -39 -35 -34 -36 -41 -31 -34 -33 -26 -32 -27 -27 -30 -27 -29 -27 -24 -23 -28 -31 -24 -28 -31
DST2503*15PPX120   0 -20 -14 -11 -16 -21 -19 -21 -25 -26 -19 -22 -32 -39 -37 -28 -32 -34 -29 -26 -25 -25 -23 -23 -18 -24
DST2503*16PPX120   0 -13 -10  -7  -6  -9 -10 -12  -8  -8 -13 -19 -21 -23 -20 -19 -20 -15 -13 -12  -8 -13 -17 -11 -10 -13
DST2503*17PPX120   0  -9  -7  -4  -6 -12 -19 -26 -23 -19 -28 -23 -22 -21 -20 -17 -18 -18 -10 -10  -7  -9  -5  -3 -10 -14
DST2503*18PPX120   0  -9  -5 -14 -19 -20 -22 -25 -22 -29 -28 -20 -21 -23 -33 -38 -28 -22 -27 -20 -15 -12 -16 -18 -17 -21
DST2503*19PPX120   0 -18 -22 -25 -25 -24 -38 -49 -47 -46 -43 -41 -31 -26 -25 -25 -26 -23 -22 -28 -31 -28 -25 -21 -19 -30
DST2503*20PPX120   0 -20 -18 -17 -17 -13 -11 -12 -13 -10 -10  -9 -10  -9  -9  -8  -9  -7  -9  -6  -2  -1  -1   1  -2  -9
DST2503*21PPX120   0  -1   2   9  18  16  15   9  10   9   7   8   3   1   5  23  35  58  54  55  12 -23 -24 -14 -15  11
DST2503*22PPX120   0 -28 -38 -54 -54 -48 -53 -54 -46 -38 -32 -31 -33 -40 -47 -51 -43 -45 -52 -50 -45 -44 -53 -61 -50 -45
DST2503*23PPX120   0 -41 -38 -37 -32 -33 -32 -31 -31 -34 -37 -33 -32 -30 -31 -28 -24 -16 -11 -11 -11  -9  -6 -12 -13 -26
DST2503*24PPX120   0  -7   7  -1  -8 -11   2  -1  -2 -11  -9  -7 -26 -39 -42 -47 -45 -36 -39 -42 -41 -37 -31 -29 -26 -22
DST2503*25PPX120   0 -21 -19 -22 -23 -19 -12 -11 -11 -16 -17 -11 -13 -13 -12 -16 -13 -12 -19 -29 -35 -34 -30 -33 -43 -20
DST2503*26PPX120   0 -51 -58 -60 -51 -36 -27 -26 -22 -14  -3  -3  -6 -25 -48 -57 -51 -53 -53 -44 -46 -62 -57 -44 -40 -39
DST2503*27PPX120   0 -31 -26 -30 -30 -34 -31 -47 -52 -46 -42 -35 -38 -43 -40 -39 -37 -33 -34 -33 -32 -28 -24 -26 -23 -35
DST2503*28PPX120   0 -17 -18 -19 -19 -20 -17 -19 -13 -14 -16 -14 -13 -14 -14 -10  -8  -9  -5  -7 -11 -15 -21 -27 -23 -15
DST2503*29PPX120   0 -15 -13 -12 -15 -15 -11 -12  -9  -9  -8  -7 -10 -12 -10  -6  -1  -2  -4  -2  -1  -3  -1  -2  -3  -8
DST2503*30PPX120   0  -1   5   8   8   8   7   5   6   3   1  -1   1   3   4   6   6   4   2  -1  -3  -3  -4  -1   1   3
DST2503*31PPX120   0   2   3   4   4   4   5   8   5   5   3   0   1  -3   1   6   8  10  13  12  10   4   6   6   4   5

[Created at Thu Oct 2 01:06:28 UTC 2025]
