DST2505*01PPX120   0  23   4 -15 -23 -31 -36 -18 -15 -16 -19 -30 -22 -24 -19 -19 -21 -24 -23 -21 -26 -25 -17 -24 -36 -20
DST2505*02PPX120   0 -42 -56 -57 -50 -49 -44 -40 -43 -48 -47 -37 -27 -38 -40 -48 -55 -58 -59 -60 -55 -45 -44 -58 -62 -48
DST2505*03PPX120   0 -62 -53 -58 -54 -46 -42 -42 -40 -40 -42 -51 -48 -44 -46 -47 -45 -40 -37 -37 -32 -30 -25 -25 -30 -42
DST2505*04PPX120   0 -40 -41 -31 -34 -36 -30 -27 -31 -33 -26 -18 -19 -20 -22 -23 -20 -35 -32 -29 -22 -27 -33 -28 -30 -29
DST2505*05PPX120   0 -34 -35 -32 -35 -34 -31 -31 -35 -40 -34 -28 -25 -28 -30 -30 -35 -39 -37 -33 -31 -35 -27 -30 -29 -32
DST2505*06PPX120   0 -25 -26 -27 -28 -28 -26 -23 -18 -18 -12 -11 -11 -11 -12 -11 -12 -15 -18 -26 -24 -21 -26 -27 -26 -20
DST2505*07PPX120   0 -25 -23 -24 -24 -27 -28 -21 -15 -18 -21 -20 -15 -18 -20 -22 -22 -22 -20 -17 -16 -17 -16 -12 -12 -20
DST2505*08PPX120   0  -8  -8 -13 -17 -18 -13 -13 -19 -18 -14 -16 -16 -13 -17 -21 -24 -28 -28 -27 -22 -23 -21 -28 -25 -19
DST2505*09PPX120   0 -27 -23 -16 -13 -12 -10  -8  -8  -8 -11  -9  -2   2   3  -1  -2 -12 -19 -18 -24 -30 -36 -52 -65 -17
DST2505*10PPX120   0 -60 -43 -36 -40 -39 -35 -24 -22 -20 -17 -14 -10 -12 -16 -17 -19 -21 -21 -20 -20 -19 -18 -19 -22 -24
DST2505*11PPX120   0 -19 -17 -18 -27 -30 -23 -16 -14 -18 -19 -13  -9 -10  -7  -8 -10 -10  -9  -8 -18 -25 -29 -37 -34 -18
DST2505*12PPX120   0 -24 -19 -17 -14  -8  -6  -6  -7  -6  -9  -7  -3   1  -1  -3  -3  -3  -2   0   3   7   6   8   7  -4
DST2505*13PPX120   0   6  11  14  16  15  14  16  14  16  16  15  13  15  14  12  13  14  12  -3 -11 -20 -12  -7  -8   8
DST2505*14PPX120   0  -7  -3  -2  -1  -3  -6   1  -2 -10  -9   1   6   4  -4 -11 -10  -7  -5 -18 -17 -19 -13 -10 -10  -6
DST2505*15PPX120   0 -13 -18 -24 -20 -13 -10  -5 -15 -16  -8  -5  -1  -1  -4  -4 -12 -14  -9 -14 -18 -20 -15  -6  -9 -11
DST2505*16PPX120   0 -12 -14  -8   0  -6 -11 -11 -12 -10 -12  -7  -6  -5 -10  -9  -9  -7  -6  -8  -7 -12 -16 -24 -36 -11
DST2505*17PPX120   0 -46 -50 -60 -61 -55 -65 -45 -33 -24 -21 -20 -13 -17 -19 -16 -30 -29 -24 -22 -19 -18 -18 -20 -23 -31
DST2505*18PPX120   0 -27 -30 -30 -25 -23 -14 -12 -19 -17 -17 -13  -8  -5  -8 -10  -8  -9  -6   0  -8 -12  -8 -13 -16 -14
DST2505*19PPX120   0 -20 -23 -23 -21 -21 -18 -15 -13 -12 -11  -8  -8 -13 -16 -14 -10  -8  -9  -7   0   4   6   5   1 -11
DST2505*20PPX120   0  -2   1   1   3  -1  -4 -10 -19 -13 -12 -10  -9 -13 -14 -15  -9  -7  -7  -6  -6  -7  -2   1  -7  -7
DST2505*21PPX120   0 -13 -13 -12 -11 -11 -16 -18 -19 -12 -16 -12  -7  -5  -6  -7  -5  -4  -5  -6  -7  -7   0   0  -4  -9
DST2505*22PPX120   0  -7 -10 -10 -12  -9 -10  -8  -2   1   3   2   1   6   9   7   4   4   2  -2  -2   1   2   4   3  -1
DST2505*23PPX120   0   3   2   1   3   4   6   9   6   9  11  11  11   2  -4  -1  -2  -4   1   3   4   3   6   4   1   4
DST2505*24PPX120   0   2   1   1   1   0   3   6   4   5   8   6   3   2   3   7  12  13  12  10   8   7   7   6   7   6
DST2505*25PPX120   0   9  12  17  20  19  18  14  12   8  11  12   8   6   8  11  11  11  12  12  11   5   4   4   6  11
DST2505*26PPX120   0   8  10  11  12  14  18  19  19  22  23  24  23  21  19  29  33  30  25  22  22  18  16  15   9  19
DST2505*27PPX120   0   7   5   9   3   0   0   4   3   3  10  18  24  17   9  11  17  20  18  13   8  -5 -13 -24 -32   5
DST2505*28PPX120   0 -29 -17 -23 -27 -34 -26 -28 -22 -24 -23 -20 -21 -18 -19 -20 -19 -20 -25 -31 -41 -46 -33 -29 -21 -26
DST2505*29PPX120   0 -19 -38 -60 -70 -63 -50 -47 -51 -50 -56 -49 -39 -54 -60 -53 -54 -50 -52 -41 -37 -39 -45 -42 -38 -48
DST2505*30PPX120   0 -38 -42 -42 -48 -49 -47 -40 -38 -44 -36 -30 -24 -28 -36 -41 -40 -35 -31 -37 -33 -38 -40 -33 -30 -38
DST2505*31PPX120   0 -33 -37 -33 -30 -35 -30 -27 -26 -24 -24 -22 -21 -23 -21 -18 -16 -15 -14 -11 -11 -13 -10  -7  -9 -21

[Created at Thu Oct 2 01:06:37 UTC 2025]
