DST2504*01PPX120   0  -5  -1   0  -1  -1   1   4   4   4   3   3   3   3   0   0   1   1   3   9  15  15  14  15  14   4
DST2504*02PPX120   0   7  -9 -18 -20 -25 -26 -24 -26 -35 -35 -36 -30 -30 -27 -22 -23 -24 -20 -19 -24 -29 -30 -37 -40 -25
DST2504*03PPX120   0 -43 -46 -41 -35 -28 -21 -17 -11 -11  -5  -1  -4 -10 -25 -34 -30 -20 -17 -20 -37 -43 -28 -18 -20 -24
DST2504*04PPX120   0 -32 -26 -30 -33 -33 -35 -32 -37 -42 -47 -48 -55 -50 -61 -69 -67 -60 -65 -67 -64 -55 -59 -70 -69 -50
DST2504*05PPX120   0 -56 -51 -65 -69 -59 -48 -60 -61 -54 -55 -60 -55 -64 -61 -58 -60 -60 -62 -65 -69 -63 -67 -57 -59 -60
DST2504*06PPX120   0 -59 -60 -55 -50 -44 -41 -40 -39 -40 -36 -37 -37 -33 -35 -40 -43 -39 -40 -45 -48 -49 -39 -38 -41 -43
DST2504*07PPX120   0 -42 -41 -39 -42 -41 -34 -26 -21 -21 -21 -21 -24 -24 -23 -24 -25 -25 -35 -44 -45 -44 -42 -44 -50 -33
DST2504*08PPX120   0 -45 -36 -27 -32 -30 -27 -24 -26 -30 -29 -28 -26 -25 -20 -27 -23 -21 -31 -29 -31 -36 -32 -31 -33 -29
DST2504*09PPX120   0 -39 -38 -39 -37 -31 -34 -43 -51 -49 -42 -52 -52 -46 -47 -45 -45 -42 -46 -46 -44 -45 -43 -42 -40 -43
DST2504*10PPX120   0 -41 -35 -38 -43 -43 -43 -43 -36 -32 -36 -33 -32 -29 -28 -24 -21 -18 -20 -24 -24 -22 -35 -45 -43 -33
DST2504*11PPX120   0 -44 -42 -38 -36 -29 -26 -27 -25 -23 -25 -24 -24 -20 -23 -30 -27 -26 -27 -33 -42 -44 -39 -38 -40 -31
DST2504*12PPX120   0 -45 -41 -43 -38 -31 -27 -23 -31 -37 -31 -24 -32 -42 -43 -44 -46 -49 -53 -57 -60 -68 -56 -46 -45 -42
DST2504*13PPX120   0 -44 -36 -39 -38 -33 -33 -30 -27 -21 -23 -25 -24 -25 -26 -25 -27 -22 -22 -22 -29 -30 -36 -42 -42 -30
DST2504*14PPX120   0 -36 -26 -22 -27 -34 -32 -21 -28 -35 -37 -34 -31 -29 -28 -24 -24 -27 -30 -24 -28 -30 -35 -36 -34 -30
DST2504*15PPX120   0 -36 -29 -22 -21 -22 -20 -14 -15 -18 -21 -20 -19 -20 -22 -21 -21 -21  -1  14   6  -1   9  -2 -20 -15
DST2504*16PPX120   0 -33 -21 -11 -11 -16 -11  -1  -1   7   5  -1  -2 -36 -74-101-113-126-138-130-122-118-110 -96 -80 -56
DST2504*17PPX120   0 -75 -71 -69 -52 -49 -51 -52 -54 -55 -50 -47 -43 -41 -22 -18 -20 -21 -20 -19 -24 -24 -26 -26 -26 -40
DST2504*18PPX120   0 -27 -20 -23 -46 -51 -48 -41 -36 -32 -33 -37 -32 -30 -33 -35 -38 -42 -47 -47 -43 -43 -42 -40 -38 -38
DST2504*19PPX120   0 -39 -43 -41 -37 -29 -29 -34 -38 -36 -33 -29 -37 -42 -43 -44 -42 -41 -48 -48 -56 -59 -63 -61 -68 -43
DST2504*20PPX120   0 -62 -58 -57 -57 -53 -48 -38 -26 -18 -23 -26 -24 -23 -23 -21 -18 -14 -14 -11  -8  -8  -7  -4   0 -27
DST2504*21PPX120   0  -3 -14 -24 -24 -32 -37 -24 -16 -33 -31 -22 -12  -6 -29 -39 -35 -35 -34 -43 -47 -35 -36 -33 -32 -28
DST2504*22PPX120   0 -33 -35 -43 -41 -33 -28 -28 -24 -20 -21 -17 -16 -17 -17 -14 -13 -15 -21 -19 -19 -25 -31 -29 -26 -24
DST2504*23PPX120   0 -23 -19 -19 -24 -20 -14  -6  -5  -4  -8 -12 -13 -11 -11  -9 -10 -11 -13 -15 -15 -12 -10 -10 -12 -13
DST2504*24PPX120   0 -19 -14  -6 -11 -11  -7  -4  -7 -16 -14 -16 -22 -18 -25 -28 -24 -23 -23 -25 -27 -29 -27 -23 -20 -18
DST2504*25PPX120   0 -20 -15 -13 -13 -10  -8  -6  -7  -6  -3  -3  -6  -7  -6  -3  -4  -5  -9 -10 -13 -12 -12 -14 -14  -9
DST2504*26PPX120   0 -11  -6  -3  -2  -1  -1   4   4   4   2   1  -2  -4  -4  -2  -4  -6  -6  -4  -8  -7  -5  -5  -7  -3
DST2504*27PPX120   0  -6   1   5   2  -3   1   3   0   1   3   2   0  -1   0   6   7   5   6   0  -1   0  -2  -2  -3   1
DST2504*28PPX120   0  -6   1   7   8   9   8   8   8   9   8   7  10   7   7   5   5   4   6   6   4   4   2   3   6   6
DST2504*29PPX120   0   9  13  14  11  12  13   8  12  11   5   4   4  10  12  10  12  15  13  12  11   9   9  10   8  10
DST2504*30PPX120   0   5  -2  -7  -6  -5 -11 -15 -13 -14  -7   2   1  -1  -2  -5   1   8   7   8  10   8  11   3  13   0

[Created at Thu Oct 2 01:06:32 UTC 2025]
