DST2506*01PPX120   0 -11 -23 -28 -26 -20  -3   4 -33 -48 -87-118 -88-100-119-110 -96 -91 -74 -54 -72 -82 -72 -73 -71 -62
DST2506*02PPX120   0 -66 -47 -39 -29 -54 -52 -53 -46 -57 -82 -95 -86 -96-109-104-108-109-101 -98 -84 -74 -72 -80 -83 -76
DST2506*03PPX120   0 -71 -72 -70 -77 -89 -99 -96-108-103-106-108 -95 -92 -92 -83 -76 -70 -64 -61 -58 -55 -51 -43 -37 -78
DST2506*04PPX120   0 -32 -28 -23 -24 -30 -36 -42 -38 -35 -36 -47 -52 -50 -54 -44 -44 -50 -35 -26 -30 -31 -36 -35 -32 -37
DST2506*05PPX120   0 -35 -37 -39 -35 -31 -20 -17 -16 -15 -17 -20 -17 -13 -12  -8 -12 -18 -14  -8  -8  -2  -2  -8 -10 -17
DST2506*06PPX120   0  -9 -13 -14 -16 -14 -14 -17 -21 -17 -16 -18 -19 -18 -15 -11  -8  -5  -6  -3  -4  -2  -3  -6  -5 -11
DST2506*07PPX120   0  -3   4   5   6   5   2  -1   1  -5 -29 -41 -20 -12 -16 -21 -23 -24 -23 -24 -19 -25 -25 -26 -15 -14
DST2506*08PPX120   0  -9  -7  -5  -7  -4   0   2   2   4   3   5   9   9   5   2 -10 -13 -16 -18 -14 -24 -36 -34 -36  -8
DST2506*09PPX120   0 -26 -20 -25 -23 -22 -19 -16 -12 -10 -11  -9  -8  -5  -5  -1  -2  -3  -5  -5  -7  -5  -8  -8  -7 -11
DST2506*10PPX120   0 -11 -13  -9  -7  -5  -4  -8 -10 -10  -7  -6  -8  -7  -8  -6  -3  -4  -4  -6  -4  -5  -9 -11 -11  -7
DST2506*11PPX120   0  -6  -8  -9 -10  -7  -7  -5  -2  -4  -1   4   5   3  -6  -5  -4   2  -3 -10  -3   0  -6 -18 -29  -5
DST2506*12PPX120   0 -42 -47 -41 -41 -40 -44 -43 -42 -35 -27 -19 -21 -23 -31 -28 -27 -25 -31 -36 -37 -45 -45 -65 -84 -38
DST2506*13PPX120   0 -75 -78 -87 -87 -85 -87 -84 -92 -94 -87 -91 -91 -92 -93 -92 -95 -99 -99 -96 -99-101-101 -91 -82 -91
DST2506*14PPX120   0 -70 -55 -45 -62 -74 -65 -55 -53 -51 -52 -44 -38 -31 -33 -36 -37 -39 -38 -40 -39 -28 -23 -21 -17 -44
DST2506*15PPX120   0 -16 -17 -14 -10  -8  -6  -8 -11 -13 -12 -13 -13 -20 -24 -19 -17 -16 -14 -12 -13 -17 -12 -10  -8 -13
DST2506*16PPX120   0  -8  -9  -5  -5   0   2 -10 -12 -10  -8  -6  -3  -1  -3  -4  -4  -1   0   0  -1   0   2   4   4  -3
DST2506*17PPX120   0   3   3  -1  -3  -1   1   4   4   3   1  -1   0   1   0  -7 -13  -9  -4  -3  -4   0   3   4   2  -1
DST2506*18PPX120   0  -7 -10 -13  -9  -7  -3  -3   1   5   7   8   4  -4  -6  -7  -5  -6  -7  -4   1   2   1   0  -8  -3
DST2506*19PPX120   0  -3  -3  -5  -6  -6  -7  -5   0   0  -2   1   3   4   0   2   1   4   4   5   0 -10  -3   3   2  -1
DST2506*20PPX120   0   2   1   3   1   1  -1   3   7   2   3   8  10   7  -2  -6  -4  -2  -1  -2  -3  -2   0   3   4   1
DST2506*21PPX120   0   6   9   5   2   0   7  15  14  17  18  16  13   9   4   0  -5 -15 -14  -8  -2  -3  -3  -7  -1   3
DST2506*22PPX120   0  -1  -7  -1   1  -1  -1   4   3   1   3   2   2   1   3   6   6   5   4   3   8   8   6   5   5   3
DST2506*23PPX120   0   2   2   1   3   3   3   4   6   7   4   3   4   4   3   0   1   2   1   0   1   4  10  14  16   4
DST2506*24PPX120   0  17  19  18  16  15  15  16  20  21  24  26  26  22  22  21  19  19  22  19  16  14  14  14  15  19
DST2506*25PPX120   0  17  22  25  26  27  27  25  22  18  17  18  17  19  14  12  14  22  22  13  -1  -3 -12 -20 -23  13
DST2506*26PPX120   0 -11  -2  -2   3  -2  -8 -19 -20 -12 -11 -10 -13 -19 -28 -20 -12 -18 -15 -15 -11 -20 -16 -17 -16 -13
DST2506*27PPX120   0 -14 -14 -24 -22 -17 -12 -14 -16 -20 -14 -14 -18 -20 -22 -20 -16 -15 -17 -16 -10  -5  -6 -14 -16 -16
DST2506*28PPX120   0 -11  -6  -3  -2  -1   1   2  -3  -2  -2   1   3   3  -1  -5  -4  -2  -3  -4  -4  -6  -8  -3   3  -2
DST2506*29PPX120   0   2   2   2  -1  -7  -7  -3  -4  -5  -4  -4  -5  -2  -2  -4  -9 -10 -10  -9  -7 -11 -13 -13 -16  -6
DST2506*30PPX120   0 -16 -17 -14 -12 -12  -7 -10 -12 -12  -6  -5  -5  -2  -2  -2  -5  -9 -15 -19 -14 -11 -10 -12 -15 -10

[Created at Thu Oct 2 01:06:42 UTC 2025]
