DST2602*01RRX020   0 -10  -7  -2   0   0  -2  -4  -4  -3  -2  -1   0   1  -2  -7  -9  -8  -6  -7  -7  -5  -1  -3  -7  -4
DST2602*02RRX020   0  -7 -10  -9  -6  -3  -3  -4  -4  -1  -1  -4  -3   3   2   0  -1   3   8  12  13  13  14  12  11   1
DST2602*03RRX020   0   8   7   8  10  10  11  11   9   1  -2  -4  -1   3   5   3   2   3   7   9  11   7  11  11  12   6
DST2602*04RRX020   0  13  12  13  13  16  16  18  18  15  11  10   8   8   4  -1  12  11   8  14  16  19  19  19  26  13
DST2602*05RRX020   0   0  15   4 -13 -37 -62 -51 -43 -42 -42 -44 -41 -34 -27 -27 -24 -19 -14  -8  -3  -5  -8 -10 -11 -23
DST2602*06RRX020   0 -11 -11  -9  -8 -12 -13 -11 -11  -9  -8 -11 -16 -21 -24 -24 -18 -12 -10  -8  -9  -9 -12 -12 -18 -13
DST2602*07RRX020   0 -24 -22 -26 -23 -21 -18 -22 -19 -18 -22 -27 -23 -18 -15 -11  -9  -7  -3  -4  -2   4   4  -2 -11 -14
DST2602*08RRX020   0 -10  -8  -8  -6  -5  -4   0   3   1   0  -4  -6  -2  -1  -2  -5  -3   2   7   7   1  -5 -17 -18  -3
DST2602*09RRX020   0 -21 -20 -17 -13  -7  -3   0   2   4   4   0  -1   4   3   1   0   6   7   7   8  10  10   9  11   0
DST2602*10RRX020   0   8   7   8   7   8  10  15  19  21  18   8   0   4   7   4   4   5  10  11   8   4  -4  -8  -9   7
DST2602*11RRX020   0 -10 -14 -10 -12 -11 -10  -8 -13 -15 -13  -9 -12 -15  -9  -7  -6  -3  -4  -6  -5  -9 -10 -15 -14 -10
DST2602*12RRX020   0  -9 -10  -9  -8 -10 -12 -12 -10  -7  -5  -7  -7  -2   0  -2  -5  -7  -1   6   8   6   3   0  -3  -4
DST2602*13RRX020   0 -12 -18 -17 -15 -12 -10  -9 -11 -15 -16 -14  -7  -3  -5  -5  -9  -2   7   4   5  -3 -12 -15 -19  -9
DST2602*14RRX020   0 -23 -21 -19 -16 -11  -8  -7  -6  -3  -3  -3   0   3   7   7  10  16  16  21  23   5 -11 -28 -29  -3
DST2602*15RRX020   0 -37 -43 -45 -39 -44 -49 -41 -29 -24 -26 -26 -24 -16 -11 -10 -11  -9  -6 -13  -8  -4  -2  -2 -13 -22
DST2602*16RRX020   0 -14 -18 -10 -13 -27 -40 -32 -25 -19 -23 -24 -16 -11  -9  -8  -3  -3  -7 -13 -15 -13 -11 -13 -11 -16
DST2602*17RRX020   0  -7  -5  -3  -4  -5  -7 -10  -9 -10999999999999999999999999999999999999999999999999999999999999  -7
DST2602*18RRX020   09999999999999999999999999999999999999999999999999999999999999999999999999999999999999999999999999999
DST2602*19RRX020   09999999999999999999999999999999999999999999999999999999999999999999999999999999999999999999999999999
DST2602*20RRX020   09999999999999999999999999999999999999999999999999999999999999999999999999999999999999999999999999999
DST2602*21RRX020   09999999999999999999999999999999999999999999999999999999999999999999999999999999999999999999999999999
DST2602*22RRX020   09999999999999999999999999999999999999999999999999999999999999999999999999999999999999999999999999999
DST2602*23RRX020   09999999999999999999999999999999999999999999999999999999999999999999999999999999999999999999999999999
DST2602*24RRX020   09999999999999999999999999999999999999999999999999999999999999999999999999999999999999999999999999999
DST2602*25RRX020   09999999999999999999999999999999999999999999999999999999999999999999999999999999999999999999999999999
DST2602*26RRX020   09999999999999999999999999999999999999999999999999999999999999999999999999999999999999999999999999999
DST2602*27RRX020   09999999999999999999999999999999999999999999999999999999999999999999999999999999999999999999999999999
DST2602*28RRX020   09999999999999999999999999999999999999999999999999999999999999999999999999999999999999999999999999999

[Created at Tue Feb 17 08:30:06 UTC 2026]
