DST2601*01RRX020   0  13  13  13  14  21  27  28  25   9   5   9  14  13  15  12  11  10   6  11  10   4   2  -4   4  12
DST2601*02RRX020   0  10  12  13  14   9   7  11  12   2   3   1   3  -1   1  -2   2  13  12   4  -1  -1   2 -11 -16   4
DST2601*03RRX020   0 -16 -14 -10 -11 -11 -10  -3  -1  -1  -1  -3  -4  -3  -3  -5  -6  -9  -8  -1   6   7  10  11  10  -3
DST2601*04RRX020   0   9   8   9  10  10   9  11  13  13  16  14  14  18  19  22  25  28  26  28  26  18  19  19  17  17
DST2601*05RRX020   0  15  13  16  10  -5  -7 -15 -22 -27 -25 -16 -17 -15 -17 -15  -7  -1   3   4   6   8   7  13  13  -3
DST2601*06RRX020   0  12  14  15  14  15  16  16  12  10   8   8   9  14  18  20  21  24  25  25  21  16  13  13  17  16
DST2601*07RRX020   0  19  20  21  20  21  23  26  24  20  18  18  20  23  24  25  25  22  22  20  16  12  11  11   6  19
DST2601*08RRX020   0   4   5   5   7  10  14   4 -16 -32 -21 -14 -10  -9  -4   2  10  12  13  16  20  16   9   8   8   2
DST2601*09RRX020   0   7   0  -6   2  12  18  21  15  11  14  13  16  15  13  15  10   8   5   9  10  12  14  14  14  11
DST2601*10RRX020   0  15  17  24  27  26  19  13  13  16   7  -3  -1  -4 -14  -8 -10 -17 -22 -29 -31 -12 -20 -49 -52  -4
DST2601*11RRX020   0 -51 -47 -41 -35 -36 -34 -35 -34 -32 -31 -31 -33 -35 -34 -29 -40 -52 -51 -56 -45 -43 -48 -51 -38 -40
DST2601*12RRX020   0 -32 -32 -31 -29 -35 -37 -36 -33 -30 -21 -20 -20 -15 -14 -14  -9  -6  -8 -11 -16 -18 -16 -21 -18 -22
DST2601*13RRX020   0 -18 -16 -11 -13 -11  -8  -5   1   3  -9 -10  -7  -6  -7 -10 -12 -12 -10  -6  -1  -6  -9  -9  -8  -8
DST2601*14RRX020   0  -9  -9  -6  -4   0   0   3   5   5   4   5   5   7   9  10  16  20  18  16  15  15  15  22  23   8
DST2601*15RRX020   0  19  15  16  18  19  19  17  22  14   3  -3   1   7   9  14  15  12  15  13  10  10   8   6  13  12
DST2601*16RRX020   0  18  29  38  36  30  25  10   2   7   4  10  13  19  22  15  -8 -12  -5  -5  -4 -12 -15 -18 -11   8
DST2601*17RRX020   0  -8 -10  -7 -14 -14 -13 -14 -15 -17 -14  -9  -5  -5  -6  -5   0   3   7  -2  -3  -3  -4  -7   0  -7
DST2601*18RRX020   0   2   3   6   5   4   6   7   8   2  -4  -6  -6  -6  -8  -1   0  -5  -3   6   8   3   3   0   0   1
DST2601*19RRX020   0  -3  -6  -1   3   2   1   3   5   1  -2  -1   2   7  11   7   7   9   8   4  68  44-119 -90 -89  -5
DST2601*20RRX020   0 -96-119-111-101 -92 -87 -75 -86-106-128-134-194-191-184-218-203-214-171-162-175-166-187-187-175-148
DST2601*21RRX020   0-155-138-125-129-137-127-122-129-125-130-145-132-120-120-111 -99 -89 -84 -66 -59 -60 -60 -58 -51-107
DST2601*22RRX020   0 -54 -60 -57 -55 -54 -56 -54 -58 -60 -55 -51 -49 -43 -44 -40 -41 -42 -41 -32 -28 -27 -36 -52 -53 -48
DST2601*23RRX020   0 -51 -53 -55 -54 -48 -45 -45 -40 -50 -59 -65 -57 -46 -46 -53 -56 -52 -48 -41 -50 -51 -46 -54 -61 -51
DST2601*24RRX020   0 -61 -59 -50 -47 -47 -45 -42 -39 -42 -45 -47 -39 -35 -39 -40 -38 -32 -29 -34 -33 -29 -31 -41 -37 -41
DST2601*25RRX020   0 -37 -34 -32 -27 -28 -26 -24 -22 -25 -31 -40 -44 -36 -36 -42 -33 -26 -20 -16 -16 -15 -15 -21 -24 -28
DST2601*26RRX020   0 -26 -28 -27 -25 -23 -19 -17 -15 -19 -28 -33 -28 -22 -24 -34 -31 -25 -20 -17 -15 -21 -22 -22 -19 -23
DST2601*27RRX020   0 -20 -24 -23 -19 -18 -15 -14 -16 -16 -20 -22 -18 -12 -10 -10  -6  -4 -10  -9 -13 -13 -11 -16 -22 -15
DST2601*28RRX020   0 -28 -26 -22 -18 -23 -21 -21 -21 -19 -24 -27 -24 -20 -23 -22 -24 -26 -27 -24 -21 -20 -27 -32 -32 -24
DST2601*29RRX020   0 -29 -24 -29 -32 -29 -24 -20 -20 -22 -26 -31 -31 -23 -20 -23 -30 -31 -23 -25 -29 -32 -28 -33 -36 -27
DST2601*30RRX020   0 -34 -28 -25 -27 -27 -28 -25 -22 -24 -23 -22 -21 -14  -9 -10 -11  -9  -9  -8  -8  -5  -5  -9 -10 -17
DST2601*31RRX020   0 -11 -11 -14 -14 -12 -10 -10 -12 -11 -10 -10 -10  -3  -2  -6  -9  -8  -5  -1   1   3   2  -6 -12  -8

[Created at Mon Feb 16 15:05:10 UTC 2026]
